+10461,1605,3529,45.48
+10461,1580,3458,45.69
+10461,1562,3342,46.74
+10461,1536,3266,47.03
+"10461",3613,1780,49.27
+"10461",1482,3118,47.53
+10461,1451,3002,48.33
+10461,1396,2869,48.66
+10461,1342,2683,50.02
+10461,1328,2649,50.13
+10461,1288,2528,50.95
+10461,1266,2447,51.74
+10461,1238,2377,52.08
+10461,1209,2300,52.57
+10461,1173,2220,52.84
+10461,1107,2058,53.79
+"10461",1083,2014,53.77
+10461,1037,1920,54.01
+10461,1018,1878,54.21
+10461,965,1794,53.79
+10461,951,1750,54.34
+10461,837,1529,54.74
+10461,687,1311,52.4
+10461,653,1194,54.69
+10461,536,993,53.98
+10461,496,923,53.74
+"10461",444,846,52.48
+"10461",376,714
