+10307,345,928,37.18
+10307,343,915,37.49
+10307,342,876,39.04
+10307,341,865,39.42
+"10307",971,418,43.05
+"10307",336,836,40.19
+10307,331,812,40.76
+10307,326,782,41.69
+10307,319,750,42.53
+10307,311,734,42.37
+10307,307,706,43.48
+10307,305,686,44.46
+10307,287,647,44.36
+10307,282,621,45.41
+10307,274,599,45.74
+10307,257,555,46.31
+"10307",255,541,47.13
+10307,253,530,47.74
+10307,246,510,48.24
+10307,225,469,47.97
+10307,220,450,48.89
+10307,186,370,50.27
+10307,143,305,46.89
+10307,133,268,49.63
+10307,109,217,50.23
+10307,99,202,49.01
+"10307",93,186,50
+"10307",67,142
