+11234,1945,3922,49.59
+11234,1925,3829,50.27
+11234,1908,3723,51.25
+11234,1892,3644,51.92
+"11234",3979,2145,53.91
+"11234",1846,3481,53.03
+11234,1813,3363,53.91
+11234,1756,3205,54.79
+11234,1695,2976,56.96
+11234,1670,2935,56.9
+11234,1626,2832,57.42
+11234,1602,2755,58.15
+11234,1568,2669,58.75
+11234,1533,2563,59.81
+11234,1483,2441,60.75
+11234,1417,2289,61.9
+"11234",1260,2061,61.14
+11234,1189,1952,60.91
+11234,1149,1879,61.15
+11234,1044,1750,59.66
+11234,1029,1704,60.39
+11234,944,1565,60.32
+11234,807,1384,58.31
+11234,759,1287,58.97
+11234,624,1079,57.83
+11234,574,1007,57
+"11234",531,937,56.67
+"11234",364,713
