+10302,543,1182,45.94
+10302,534,1149,46.48
+10302,530,1122,47.24
+10302,523,1109,47.16
+"10302",1183,571,48.27
+"10302",501,1055,47.49
+10302,494,1015,48.67
+10302,475,981,48.42
+10302,465,937,49.63
+10302,450,919,48.97
+10302,437,881,49.6
+10302,428,845,50.65
+10302,415,813,51.05
+10302,396,759,52.17
+10302,380,725,52.41
+10302,360,680,52.94
+"10302",353,662,53.32
+10302,327,626,52.24
+10302,318,612,51.96
+10302,275,541,50.83
+10302,268,522,51.34
+10302,236,446,52.91
+10302,169,343,49.27
+10302,156,297,52.53
+10302,120,230,52.17
+10302,103,205,50.24
+"10302",94,187,50.27
+"10302",61,137
