+11237,732,1339,54.67
+11237,719,1289,55.78
+11237,716,1260,56.83
+11237,696,1208,57.62
+"11237",1305,780,59.77
+"11237",663,1129,58.72
+11237,647,1084,59.69
+11237,618,1024,60.35
+11237,596,962,61.95
+11237,590,954,61.84
+11237,581,930,62.47
+11237,567,892,63.57
+11237,557,855,65.15
+11237,547,833,65.67
+11237,523,789,66.29
+11237,489,727,67.26
+"11237",481,715,67.27
+11237,460,682,67.45
+11237,451,665,67.82
+11237,421,627,67.15
+11237,411,610,67.38
+11237,375,559,67.08
+11237,334,509,65.62
+11237,320,485,65.98
+11237,274,408,67.16
+11237,258,383,67.36
+"11237",235,352,66.76
+"11237",184,288
