+11363,87,228,38.16
+11363,86,222,38.74
+11363,86,219,39.27
+11363,86,216,39.81
+"11363",245,98,40
+"11363",84,209,40.19
+11363,82,204,40.2
+11363,78,192,40.62
+11363,77,186,41.4
+11363,76,182,41.76
+11363,76,177,42.94
+11363,76,175,43.43
+11363,75,170,44.12
+11363,73,163,44.79
+11363,73,161,45.34
+11363,72,148,48.65
+"11363",69,144,47.92
+11363,69,141,48.94
+11363,68,136,50
+11363,65,132,49.24
+11363,65,130,50
+11363,63,124,50.81
+11363,55,116,47.41
+11363,52,114,45.61
+11363,42,93,45.16
+11363,38,85,44.71
+"11363",33,77,42.86
+"11363",27,65
