+11103,439,1019,43.08
+11103,434,994,43.66
+11103,428,957,44.72
+11103,421,929,45.32
+"11103",1011,476,47.08
+"11103",414,895,46.26
+11103,403,858,46.97
+11103,389,805,48.32
+11103,379,748,50.67
+11103,377,741,50.88
+11103,367,715,51.33
+11103,362,701,51.64
+11103,353,671,52.61
+11103,343,644,53.26
+11103,333,618,53.88
+11103,321,577,55.63
+"11103",313,563,55.6
+11103,305,540,56.48
+11103,296,524,56.49
+11103,273,485,56.29
+11103,264,467,56.53
+11103,243,433,56.12
+11103,212,391,54.22
+11103,190,350,54.29
+11103,168,309,54.37
+11103,152,283,53.71
+"11103",140,264,53.03
+"11103",104,203
