+10314,2328,5753,40.47
+10314,2305,5640,40.87
+10314,2284,5491,41.6
+10314,2264,5403,41.9
+"10314",5921,2617,44.2
+"10314",2210,5219,42.35
+10314,2169,5036,43.07
+10314,2127,4867,43.7
+10314,2052,4600,44.61
+10314,2030,4551,44.61
+10314,1978,4368,45.28
+10314,1955,4238,46.13
+10314,1880,4079,46.09
+10314,1832,3865,47.4
+10314,1783,3742,47.65
+10314,1717,3546,48.42
+"10314",1679,3460,48.53
+10314,1608,3329,48.3
+10314,1569,3231,48.56
+10314,1402,2923,47.96
+10314,1356,2828,47.95
+10314,1173,2394,49
+10314,902,1944,46.4
+10314,839,1690,49.64
+10314,712,1408,50.57
+10314,663,1314,50.46
+"10314",619,1218,50.82
+"10314",452,959
