+10306,1272,3466,36.7
+10306,1260,3411,36.94
+10306,1251,3328,37.59
+10306,1241,3249,38.2
+"10306",3625,1476,40.72
+"10306",1212,3160,38.35
+10306,1196,3084,38.78
+10306,1164,2961,39.31
+10306,1136,2829,40.16
+10306,1124,2807,40.04
+10306,1099,2709,40.57
+10306,1087,2625,41.41
+10306,1053,2519,41.8
+10306,1022,2376,43.01
+10306,1001,2285,43.81
+10306,954,2144,44.5
+"10306",941,2098,44.85
+10306,917,2046,44.82
+10306,886,1989,44.54
+10306,809,1829,44.23
+10306,788,1781,44.24
+10306,705,1545,45.63
+10306,513,1239,41.4
+10306,479,1069,44.81
+10306,404,884,45.7
+10306,365,808,45.17
+"10306",351,765,45.88
+"10306",278,632
