+11356,464,951,48.79
+11356,456,915,49.84
+11356,453,896,50.56
+11356,449,871,51.55
+"11356",964,507,52.59
+"11356",425,821,51.77
+11356,413,786,52.54
+11356,398,745,53.42
+11356,381,692,55.06
+11356,376,683,55.05
+11356,364,660,55.15
+11356,358,641,55.85
+11356,351,621,56.52
+11356,344,591,58.21
+11356,338,579,58.38
+11356,323,549,58.83
+"11356",313,538,58.18
+11356,296,514,57.59
+11356,285,497,57.34
+11356,257,458,56.11
+11356,255,452,56.42
+11356,231,421,54.87
+11356,209,391,53.45
+11356,205,378,54.23
+11356,177,331,53.47
+11356,160,306,52.29
+"11356",151,288,52.43
+"11356",110,226
