+10036,350,947,36.96
+10036,346,910,38.02
+10036,344,840,40.95
+10036,341,819,41.64
+"10036",925,396,42.81
+"10036",333,778,42.8
+10036,328,756,43.39
+10036,320,730,43.84
+10036,309,695,44.46
+10036,309,694,44.52
+10036,304,679,44.77
+10036,301,656,45.88
+10036,291,632,46.04
+10036,286,617,46.35
+10036,277,598,46.32
+10036,270,579,46.63
+"10036",241,523,46.08
+10036,235,509,46.17
+10036,232,494,46.96
+10036,214,465,46.02
+10036,212,457,46.39
+10036,207,435,47.59
+10036,197,420,46.9
+10036,189,404,46.78
+10036,160,355,45.07
+10036,157,346,45.38
+"10036",150,331,45.32
+"10036",116,275
