+11208,1825,3433,53.16
+11208,1789,3330,53.72
+11208,1773,3241,54.71
+11208,1740,3146,55.31
+"11208",3454,1986,57.5
+"11208",1654,2948,56.11
+11208,1606,2792,57.52
+11208,1550,2646,58.58
+11208,1478,2425,60.95
+11208,1463,2398,61.01
+11208,1408,2297,61.3
+11208,1383,2216,62.41
+11208,1352,2147,62.97
+11208,1304,2046,63.73
+11208,1263,1959,64.47
+11208,1173,1794,65.38
+"11208",1129,1723,65.53
+11208,1058,1616,65.47
+11208,1029,1568,65.62
+11208,953,1466,65.01
+11208,932,1423,65.5
+11208,841,1296,64.89
+11208,753,1168,64.47
+11208,713,1100,64.82
+11208,608,923,65.87
+11208,571,868,65.78
+"11208",520,794,65.49
+"11208",350,561
