+11105,417,1101,37.87
+11105,414,1071,38.66
+11105,412,1042,39.54
+11105,406,1011,40.16
+"11105",1116,461,41.31
+"11105",395,968,40.81
+11105,385,939,41
+11105,370,872,42.43
+11105,360,802,44.89
+11105,357,793,45.02
+11105,348,758,45.91
+11105,344,732,46.99
+11105,332,700,47.43
+11105,323,674,47.92
+11105,320,648,49.38
+11105,309,614,50.33
+"11105",300,596,50.34
+11105,287,565,50.8
+11105,279,550,50.73
+11105,254,513,49.51
+11105,248,495,50.1
+11105,226,445,50.79
+11105,194,401,48.38
+11105,186,377,49.34
+11105,166,346,47.98
+11105,157,328,47.87
+"11105",136,301,45.18
+"11105",104,242
