+10029,East Harlem,Manhattan,1816,2303.35,78841.52,198,251.14,24.23,7494
+10029,East Harlem,Manhattan,1815,2302.09,78841.52,197,249.87,24.18
+10029,East Harlem,Manhattan,1810,2295.74,78841.52,197,249.87,24.59
+10029,East Harlem,Manhattan,1810,2295.74,78841.52,196,248.6,24.92
+10029,East Harlem,Manhattan,1804,2288.13,78841.52,196,248.6,25.22
+10029,East Harlem,Manhattan,1797,2279.26,78841.52,196,248.6,25.65
+10029,East Harlem,Manhattan,1791,2271.65,78841.52,195,247.33,27.12
+10029,East Harlem,Manhattan,1784,2262.77,78841.52,194,246.06,27.12
+10029,East Harlem,Manhattan,1788,2267.84,78841.52,194,246.06,27.4
+10029,East Harlem,Manhattan,1789,2269.11,78841.52,192,243.53,27.67
+10029,East Harlem,Manhattan,1782,2260.23,78841.52,191,242.26,28.16
+10029,East Harlem,Manhattan,1771,2246.28,78841.52,191,242.26,29.57
+10029,East Harlem,Manhattan,1762,2234.86,78841.52,191,242.26,30.14
+10029,East Harlem,Manhattan,1747,2215.84,78841.52,191,242.26,31.18
+10029,East Harlem,Manhattan,1739,2205.69,78841.52,191,242.26,31.84
+10029,East Harlem,Manhattan,1736,2201.89,78841.52,189,239.72,31.96
+10029,East Harlem,Manhattan,1729,2193.01,78841.52,189,239.72,32.47
+10029,East Harlem,Manhattan,1724,2186.67,78841.52,188,238.45,33.13
+10029,East Harlem,Manhattan,1721,2182.86,78841.52,188,238.45,33.71
+10029,East Harlem,Manhattan,1713,2172.71,78841.52,187,237.18,33.71
+10029,East Harlem,Manhattan,1708,2166.37,78841.52,184,233.38,34.51
+10029,East Harlem,Manhattan,1703,2160.03,78841.52,183,232.11,34.9
+10029,East Harlem,Manhattan,1698,2153.69,78841.52,182,230.84,35.88
