+11691,1869,3314,56.4
+11691,1836,3218,57.05
+11691,1819,3152,57.71
+11691,1795,3083,58.22
+"11691",3360,2023,60.21
+"11691",1738,2914,59.64
+11691,1690,2746,61.54
+11691,1649,2638,62.51
+11691,1573,2465,63.81
+11691,1543,2418,63.81
+11691,1525,2353,64.81
+11691,1496,2272,65.85
+11691,1459,2203,66.23
+11691,1417,2113,67.06
+11691,1352,1998,67.67
+11691,1302,1904,68.38
+"11691",1215,1792,67.8
+11691,1155,1715,67.35
+11691,1111,1647,67.46
+11691,1019,1527,66.73
+11691,993,1479,67.14
+11691,941,1395,67.46
+11691,861,1284,67.06
+11691,822,1226,67.05
+11691,713,1071,66.57
+11691,660,992,66.53
+"11691",616,926,66.52
+"11691",436,694
