+11209,945,2305,41
+11209,934,2250,41.51
+11209,928,2165,42.86
+11209,914,2098,43.57
+"11209",2345,1039,44.31
+"11209",883,1999,44.17
+11209,864,1912,45.19
+11209,829,1823,45.47
+11209,805,1714,46.97
+11209,800,1699,47.09
+11209,783,1634,47.92
+11209,772,1590,48.55
+11209,755,1544,48.9
+11209,737,1488,49.53
+11209,715,1417,50.46
+11209,667,1301,51.27
+"11209",648,1262,51.35
+11209,611,1199,50.96
+11209,587,1162,50.52
+11209,538,1087,49.49
+11209,530,1066,49.72
+11209,497,994,50
+11209,440,905,48.62
+11209,419,848,49.41
+11209,348,718,48.47
+11209,321,664,48.34
+"11209",292,606,48.18
+"11209",209,452
