+10025,1045,2774,37.67
+10025,1039,2706,38.4
+10025,1030,2623,39.27
+10025,1014,2543,39.87
+"10025",2927,1230,42.02
+"10025",977,2419,40.39
+10025,956,2306,41.46
+10025,930,2208,42.12
+10025,910,2105,43.23
+10025,901,2088,43.15
+10025,888,2040,43.53
+10025,875,2000,43.75
+10025,847,1946,43.53
+10025,836,1889,44.26
+10025,810,1831,44.24
+10025,790,1761,44.86
+"10025",685,1544,44.37
+10025,652,1485,43.91
+10025,626,1439,43.5
+10025,582,1345,43.27
+10025,567,1316,43.09
+10025,513,1215,42.22
+10025,466,1142,40.81
+10025,433,1084,39.94
+10025,377,984,38.31
+10025,357,946,37.74
+"10025",327,892,36.66
+"10025",252,754
