+10472,1596,2994,53.31
+10472,1581,2921,54.13
+10472,1562,2838,55.04
+10472,1536,2755,55.75
+"10472",2955,1685,57.02
+"10472",1462,2593,56.38
+10472,1420,2464,57.63
+10472,1339,2300,58.22
+10472,1297,2152,60.27
+10472,1287,2127,60.51
+10472,1257,2048,61.38
+10472,1239,1977,62.67
+10472,1190,1901,62.6
+10472,1153,1813,63.6
+10472,1110,1731,64.12
+10472,1035,1606,64.45
+"10472",1014,1568,64.67
+10472,950,1470,64.63
+10472,918,1408,65.2
+10472,854,1319,64.75
+10472,836,1291,64.76
+10472,760,1170,64.96
+10472,620,1000,62
+10472,582,926,62.85
+10472,469,765,61.31
+10472,448,728,61.54
+"10472",417,680,61.32
+"10472",302,528
