+10044,165,376,43.88
+10044,158,360,43.89
+10044,157,353,44.48
+10044,153,345,44.35
+"10044",384,174,45.31
+"10044",144,321,44.86
+10044,140,306,45.75
+10044,133,286,46.5
+10044,125,267,46.82
+10044,124,266,46.62
+10044,122,262,46.56
+10044,118,255,46.27
+10044,110,241,45.64
+10044,104,226,46.02
+10044,103,224,45.98
+10044,100,216,46.3
+"10044",95,207,45.89
+10044,92,201,45.77
+10044,90,198,45.45
+10044,84,186,45.16
+10044,82,183,44.81
+10044,81,176,46.02
+10044,71,165,43.03
+10044,68,155,43.87
+10044,64,149,42.95
+10044,63,146,43.15
+"10044",59,135,43.7
+"10044",49,116
