+10040,793,1532,51.76
+10040,773,1468,52.66
+10040,761,1418,53.67
+10040,748,1379,54.24
+"10040",1527,849,55.6
+"10040",718,1271,56.49
+10040,700,1205,58.09
+10040,673,1128,59.66
+10040,649,1057,61.4
+10040,644,1051,61.27
+10040,621,1003,61.91
+10040,614,988,62.15
+10040,601,966,62.22
+10040,593,941,63.02
+10040,576,908,63.44
+10040,555,864,64.24
+"10040",532,829,64.17
+10040,512,802,63.84
+10040,498,786,63.36
+10040,437,702,62.25
+10040,434,693,62.63
+10040,399,643,62.05
+10040,353,579,60.97
+10040,329,543,60.59
+10040,294,487,60.37
+10040,278,462,60.17
+"10040",256,431,59.4
+"10040",208,356
