+10024,549,1651,33.25
+10024,544,1606,33.87
+10024,541,1552,34.86
+10024,533,1501,35.51
+"10024",1758,673,38.28
+"10024",521,1430,36.43
+10024,515,1391,37.02
+10024,506,1347,37.56
+10024,493,1292,38.16
+10024,484,1284,37.69
+10024,476,1255,37.93
+10024,472,1235,38.22
+10024,466,1220,38.2
+10024,454,1185,38.31
+10024,447,1159,38.57
+10024,436,1122,38.86
+"10024",400,1035,38.65
+10024,386,1005,38.41
+10024,380,994,38.23
+10024,359,947,37.91
+10024,358,938,38.17
+10024,339,900,37.67
+10024,318,863,36.85
+10024,307,841,36.5
+10024,283,782,36.19
+10024,270,756,35.71
+"10024",255,731,34.88
+"10024",204,641
