+11226,1763,3411,51.69
+11226,1737,3298,52.67
+11226,1720,3199,53.77
+11226,1678,3085,54.39
+"11226",3351,1894,56.52
+"11226",1606,2906,55.26
+11226,1561,2740,56.97
+11226,1498,2579,58.08
+11226,1431,2393,59.8
+11226,1413,2363,59.8
+11226,1358,2252,60.3
+11226,1336,2170,61.57
+11226,1306,2079,62.82
+11226,1273,1981,64.26
+11226,1219,1879,64.87
+11226,1148,1756,65.38
+"11226",1089,1669,65.25
+11226,1021,1573,64.91
+11226,995,1527,65.16
+11226,898,1412,63.6
+11226,859,1354,63.44
+11226,784,1230,63.74
+11226,670,1090,61.47
+11226,639,1032,61.92
+11226,553,887,62.34
+11226,523,844,61.97
+"11226",485,786,61.7
+"11226",344,600
