+11377,Woodside,Queens,2238,2588.22,86468.55,177,204.7,25.99,8611
+11377,Woodside,Queens,2235,2584.75,86468.55,176,203.54,25.86
+11377,Woodside,Queens,2226,2574.35,86468.55,176,203.54,26.44
+11377,Woodside,Queens,2223,2570.88,86468.55,175,202.39,26.85
+11377,Woodside,Queens,2214,2560.47,86468.55,174,201.23,27.22
+11377,Woodside,Queens,2204,2548.9,86468.55,174,201.23,27.64
+11377,Woodside,Queens,2196,2539.65,86468.55,173,200.07,29.36
+11377,Woodside,Queens,2189,2531.56,86468.55,173,200.07,29.36
+11377,Woodside,Queens,2180,2521.15,86468.55,173,200.07,29.64
+11377,West Queens,Queens,2174,2514.21,86468.55,170,196.6,29.88
+11377,West Queens,Queens,2168,2507.27,86468.55,170,196.6,30.3
+11377,West Queens,Queens,2149,2485.3,86468.55,169,195.45,31.5
+11377,West Queens,Queens,2145,2480.67,86468.55,169,195.45,32.16
+11377,West Queens,Queens,2134,2467.95,86468.55,169,195.45,33.48
+11377,West Queens,Queens,2127,2459.85,86468.55,169,195.45,33.79
+11377,West Queens,Queens,2123,2455.23,86468.55,169,195.45,34
+11377,West Queens,Queens,2113,2443.66,86468.55,169,195.45,34.76
+11377,West Queens,Queens,2109,2439.04,86468.55,169,195.45,35.3
+11377,West Queens,Queens,2105,2434.41,86468.55,169,195.45,35.73
+11377,West Queens,Queens,2096,2424,86468.55,167,193.13,35.73
+11377,West Queens,Queens,2084,2410.12,86468.55,166,191.98,36.31
+11377,West Queens,Queens,2077,2402.03,86468.55,166,191.98,36.75
+11377,West Queens,Queens,2072,2396.25,86468.55,166,191.98,37.76
