+11432,1441,2650,54.38
+11432,1411,2561,55.1
+11432,1380,2481,55.62
+11432,1350,2408,56.06
+"11432",2671,1529,57.24
+"11432",1292,2280,56.67
+11432,1258,2177,57.79
+11432,1197,2043,58.59
+11432,1153,1920,60.05
+11432,1133,1888,60.01
+11432,1102,1805,61.05
+11432,1077,1740,61.9
+11432,1041,1664,62.56
+11432,1019,1598,63.77
+11432,974,1513,64.38
+11432,937,1445,64.84
+"11432",909,1395,65.16
+11432,872,1345,64.83
+11432,843,1304,64.65
+11432,787,1219,64.56
+11432,773,1183,65.34
+11432,710,1071,66.29
+11432,601,937,64.14
+11432,590,911,64.76
+11432,502,793,63.3
+11432,471,746,63.14
+"11432",448,711,63.01
+"11432",405,613
