+11428,576,1049,54.91
+11428,567,1016,55.81
+11428,565,993,56.9
+11428,560,982,57.03
+"11428",1098,652,59.38
+"11428",547,936,58.44
+11428,538,904,59.51
+11428,517,862,59.98
+11428,495,811,61.04
+11428,489,802,60.97
+11428,476,774,61.5
+11428,470,751,62.58
+11428,453,723,62.66
+11428,428,680,62.94
+11428,417,658,63.37
+11428,396,625,63.36
+"11428",382,597,63.99
+11428,364,562,64.77
+11428,349,536,65.11
+11428,320,488,65.57
+11428,310,464,66.81
+11428,280,419,66.83
+11428,252,374,67.38
+11428,241,355,67.89
+11428,193,295,65.42
+11428,179,271,66.05
+"11428",167,252,66.27
+"11428",112,171
