+11223,1388,2969,46.75
+11223,1367,2874,47.56
+11223,1358,2778,48.88
+11223,1343,2712,49.52
+"11223",3051,1590,52.11
+"11223",1309,2592,50.5
+11223,1275,2447,52.1
+11223,1236,2341,52.8
+11223,1192,2194,54.33
+11223,1171,2166,54.06
+11223,1147,2095,54.75
+11223,1134,2049,55.34
+11223,1109,1996,55.56
+11223,1089,1943,56.05
+11223,1049,1872,56.04
+11223,999,1765,56.6
+"11223",960,1692,56.74
+11223,920,1621,56.76
+11223,885,1555,56.91
+11223,827,1470,56.26
+11223,809,1425,56.77
+11223,752,1316,57.14
+11223,651,1188,54.8
+11223,618,1118,55.28
+11223,529,973,54.37
+11223,508,925,54.92
+"11223",474,858,55.24
+"11223",346,642
