+11205,585,1467,39.88
+11205,574,1401,40.97
+11205,569,1356,41.96
+11205,559,1268,44.09
+"11205",1330,619,46.54
+"11205",538,1159,46.42
+11205,532,1111,47.88
+11205,513,1040,49.33
+11205,494,953,51.84
+11205,490,943,51.96
+11205,482,925,52.11
+11205,475,910,52.2
+11205,469,892,52.58
+11205,462,867,53.29
+11205,437,826,52.91
+11205,423,783,54.02
+"11205",416,766,54.31
+11205,396,734,53.95
+11205,392,724,54.14
+11205,363,685,52.99
+11205,360,674,53.41
+11205,347,642,54.05
+11205,330,606,54.46
+11205,317,581,54.56
+11205,270,462,58.44
+11205,254,433,58.66
+"11205",242,412,58.74
+"11205",182,319
