+10018,186,513,36.26
+10018,186,504,36.9
+10018,186,494,37.65
+10018,182,479,38
+"10018",524,215,41.03
+"10018",179,440,40.68
+10018,176,427,41.22
+10018,175,423,41.37
+10018,169,386,43.78
+10018,169,384,44.01
+10018,168,377,44.56
+10018,168,375,44.8
+10018,166,365,45.48
+10018,163,360,45.28
+10018,159,346,45.95
+10018,159,343,46.36
+"10018",159,339,46.9
+10018,157,333,47.15
+10018,156,331,47.13
+10018,148,318,46.54
+10018,140,296,47.3
+10018,126,270,46.67
+10018,120,259,46.33
+10018,116,251,46.22
+10018,106,232,45.69
+10018,103,225,45.78
+"10018",97,211,45.97
+"10018",66,151
