+10312,1346,3488,38.59
+10312,1335,3430,38.92
+10312,1327,3330,39.85
+10312,1323,3277,40.37
+"10312",3605,1539,42.69
+"10312",1301,3173,41
+10312,1283,3059,41.94
+10312,1254,2938,42.68
+10312,1234,2837,43.5
+10312,1224,2820,43.4
+10312,1211,2739,44.21
+10312,1204,2694,44.69
+10312,1165,2598,44.84
+10312,1142,2473,46.18
+10312,1118,2387,46.84
+10312,1082,2276,47.54
+"10312",1065,2225,47.87
+10312,1032,2150,48
+10312,1008,2071,48.67
+10312,934,1929,48.42
+10312,918,1860,49.35
+10312,794,1554,51.09
+10312,593,1253,47.33
+10312,558,1104,50.54
+10312,462,916,50.44
+10312,442,856,51.64
+"10312",418,802,52.12
+"10312",336,654
