+10473,1607,3426,46.91
+10473,1585,3337,47.5
+10473,1570,3246,48.37
+10473,1552,3164,49.05
+"10473",3463,1757,50.74
+"10473",1498,3013,49.72
+10473,1473,2884,51.07
+10473,1442,2783,51.81
+10473,1386,2567,53.99
+10473,1371,2536,54.06
+10473,1340,2427,55.21
+10473,1331,2367,56.23
+10473,1314,2310,56.88
+10473,1264,2208,57.25
+10473,1235,2121,58.23
+10473,1170,1982,59.03
+"10473",1143,1940,58.92
+10473,1085,1841,58.94
+10473,1053,1795,58.66
+10473,986,1700,58
+10473,963,1652,58.29
+10473,858,1460,58.77
+10473,693,1233,56.2
+10473,638,1101,57.95
+10473,518,887,58.4
+10473,472,821,57.49
+"10473",437,760,57.5
+"10473",304,556
