+10458,1644,3438,47.82
+10458,1611,3325,48.45
+10458,1593,3214,49.56
+10458,1574,3119,50.46
+"10458",3386,1768,52.22
+"10458",1504,2927,51.38
+10458,1468,2801,52.41
+10458,1410,2675,52.71
+10458,1359,2464,55.15
+10458,1342,2430,55.23
+10458,1302,2330,55.88
+10458,1269,2244,56.55
+10458,1232,2167,56.85
+10458,1204,2098,57.39
+10458,1169,2018,57.93
+10458,1083,1856,58.35
+"10458",1060,1813,58.47
+10458,1014,1735,58.44
+10458,968,1662,58.24
+10458,902,1571,57.42
+10458,888,1534,57.89
+10458,807,1386,58.23
+10458,676,1219,55.46
+10458,631,1114,56.64
+10458,541,933,57.98
+10458,495,862,57.42
+"10458",453,800,56.62
+"10458",332,622
