+11230,Midwood,Brooklyn,2358,2644.51,89165.77,205,229.91,24.19,9747
+11230,Midwood,Brooklyn,2356,2642.27,89165.77,204,228.79,24.15
+11230,Midwood,Brooklyn,2351,2636.66,89165.77,204,228.79,24.4
+11230,Midwood,Brooklyn,2349,2634.42,89165.77,204,228.79,24.73
+11230,Midwood,Brooklyn,2339,2623.2,89165.77,204,228.79,25.29
+11230,Midwood,Brooklyn,2329,2611.99,89165.77,203,227.67,25.52
+11230,Midwood,Brooklyn,2323,2605.26,89165.77,203,227.67,26.39
+11230,Midwood,Brooklyn,2315,2596.29,89165.77,203,227.67,26.39
+11230,Midwood,Brooklyn,2312,2592.92,89165.77,203,227.67,26.64
+11230,Borough Park,Brooklyn,2305,2585.07,89165.77,203,227.67,26.88
+11230,Borough Park,Brooklyn,2296,2574.98,89165.77,203,227.67,27.12
+11230,Borough Park,Brooklyn,2288,2566.01,89165.77,203,227.67,28.12
+11230,Borough Park,Brooklyn,2275,2551.43,89165.77,202,226.54,28.42
+11230,Borough Park,Brooklyn,2268,2543.58,89165.77,202,226.54,29.36
+11230,Borough Park,Brooklyn,2257,2531.24,89165.77,202,226.54,30.1
+11230,Borough Park,Brooklyn,2252,2525.63,89165.77,200,224.3,30.73
+11230,Borough Park,Brooklyn,2249,2522.27,89165.77,199,223.18,31.34
+11230,Borough Park,Brooklyn,2239,2511.05,89165.77,198,222.06,32.1
+11230,Borough Park,Brooklyn,2233,2504.32,89165.77,198,222.06,32.64
+11230,Borough Park,Brooklyn,2210,2478.53,89165.77,198,222.06,32.64
+11230,Borough Park,Brooklyn,2200,2467.31,89165.77,198,222.06,33.47
+11230,Borough Park,Brooklyn,2194,2460.59,89165.77,196,219.82,33.98
+11230,Borough Park,Brooklyn,2182,2447.13,89165.77,196,219.82,35.08
