+10454,937,1931,48.52
+10454,923,1850,49.89
+10454,911,1796,50.72
+10454,892,1714,52.04
+"10454",1839,979,53.24
+"10454",843,1579,53.39
+10454,814,1474,55.22
+10454,784,1369,57.27
+10454,752,1284,58.57
+10454,747,1272,58.73
+10454,731,1233,59.29
+10454,719,1185,60.68
+10454,705,1155,61.04
+10454,674,1080,62.41
+10454,648,1030,62.91
+10454,616,971,63.44
+"10454",583,925,63.03
+10454,566,896,63.17
+10454,550,872,63.07
+10454,517,828,62.44
+10454,510,811,62.89
+10454,455,732,62.16
+10454,355,612,58.01
+10454,336,571,58.84
+10454,294,498,59.04
+10454,273,475,57.47
+"10454",245,441,55.56
+"10454",174,343
