+11436,443,878,50.46
+11436,433,851,50.88
+11436,428,828,51.69
+11436,425,809,52.53
+"11436",875,480,54.86
+"11436",415,771,53.83
+11436,404,743,54.37
+11436,384,694,55.33
+11436,364,631,57.69
+11436,357,617,57.86
+11436,350,595,58.82
+11436,342,567,60.32
+11436,329,542,60.7
+11436,320,509,62.87
+11436,311,487,63.86
+11436,303,466,65.02
+"11436",292,450,64.89
+11436,280,429,65.27
+11436,269,412,65.29
+11436,245,377,64.99
+11436,240,361,66.48
+11436,217,330,65.76
+11436,194,298,65.1
+11436,186,280,66.43
+11436,160,240,66.67
+11436,148,222,66.67
+"11436",137,205,66.83
+"11436",100,155
