+11413,Laurelton/Rosedale,Queens,1315,3012.74,43647.97,69,158.08,32.13,4093
+11413,Laurelton/Rosedale,Queens,1314,3010.45,43647.97,69,158.08,32.05
+11413,Laurelton/Rosedale,Queens,1311,3003.58,43647.97,69,158.08,32.43
+11413,Laurelton/Rosedale,Queens,1309,2998.99,43647.97,68,155.79,32.59
+11413,Laurelton/Rosedale,Queens,1307,2994.41,43647.97,67,153.5,33.06
+11413,Laurelton/Rosedale,Queens,1304,2987.54,43647.97,66,151.21,33.53
+11413,Laurelton/Rosedale,Queens,1300,2978.37,43647.97,65,148.92,34.32
+11413,Laurelton/Rosedale,Queens,1296,2969.21,43647.97,65,148.92,34.32
+11413,Laurelton/Rosedale,Queens,1294,2964.63,43647.97,65,148.92,34.56
+11413,Southeast Queens,Queens,1292,2960.05,43647.97,65,148.92,34.92
+11413,Southeast Queens,Queens,1288,2950.88,43647.97,65,148.92,35.13
+11413,Southeast Queens,Queens,1284,2941.72,43647.97,65,148.92,36.03
+11413,Southeast Queens,Queens,1279,2930.26,43647.97,64,146.63,36.66
+11413,Southeast Queens,Queens,1277,2925.68,43647.97,64,146.63,37.33
+11413,Southeast Queens,Queens,1272,2914.22,43647.97,64,146.63,37.66
+11413,Southeast Queens,Queens,1269,2907.35,43647.97,64,146.63,38.03
+11413,Southeast Queens,Queens,1265,2898.19,43647.97,64,146.63,38.56
+11413,Southeast Queens,Queens,1257,2879.86,43647.97,63,144.34,39.11
+11413,Southeast Queens,Queens,1253,2870.69,43647.97,62,142.05,39.66
+11413,Southeast Queens,Queens,1250,2863.82,43647.97,60,137.46,39.66
+11413,Southeast Queens,Queens,1252,2868.4,43647.97,60,137.46,40.28
+11413,Southeast Queens,Queens,1246,2854.66,43647.97,60,137.46,40.82
+11413,Southeast Queens,Queens,1243,2847.78,43647.97,60,137.46,41.49
