+11229,1280,2828,45.26
+11229,1267,2736,46.31
+11229,1263,2651,47.64
+11229,1244,2571,48.39
+"11229",2788,1407,50.47
+"11229",1214,2446,49.63
+11229,1188,2310,51.43
+11229,1148,2206,52.04
+11229,1123,2073,54.17
+11229,1110,2054,54.04
+11229,1079,1970,54.77
+11229,1064,1912,55.65
+11229,1043,1854,56.26
+11229,1025,1797,57.04
+11229,971,1699,57.15
+11229,925,1609,57.49
+"11229",860,1514,56.8
+11229,821,1449,56.66
+11229,791,1402,56.42
+11229,721,1308,55.12
+11229,714,1281,55.74
+11229,674,1211,55.66
+11229,603,1117,53.98
+11229,565,1053,53.66
+11229,470,890,52.81
+11229,445,847,52.54
+"11229",423,812,52.09
+"11229",316,640
