+10465,1307,3253,40.18
+10465,1299,3178,40.87
+10465,1293,3083,41.94
+10465,1279,3015,42.42
+"10465",3332,1493,44.81
+"10465",1244,2912,42.72
+10465,1223,2797,43.73
+10465,1182,2675,44.19
+10465,1146,2531,45.28
+10465,1128,2503,45.07
+10465,1090,2379,45.82
+10465,1078,2312,46.63
+10465,1047,2230,46.95
+10465,1027,2162,47.5
+10465,1002,2097,47.78
+10465,941,1944,48.41
+"10465",927,1906,48.64
+10465,882,1814,48.62
+10465,865,1762,49.09
+10465,816,1680,48.57
+10465,804,1627,49.42
+10465,703,1418,49.58
+10465,586,1225,47.84
+10465,552,1129,48.89
+10465,461,960,48.02
+10465,426,885,48.14
+"10465",389,805,48.32
+"10465",267,596
