+11411,Cambria Heights,Queens,681,3322.88,20494.26,37,180.54,32.17,2117
+11411,Cambria Heights,Queens,681,3322.88,20494.26,37,180.54,32.17
+11411,Cambria Heights,Queens,681,3322.88,20494.26,37,180.54,32.74
+11411,Cambria Heights,Queens,681,3322.88,20494.26,36,175.66,33.11
+11411,Cambria Heights,Queens,678,3308.24,20494.26,36,175.66,33.37
+11411,Cambria Heights,Queens,677,3303.36,20494.26,36,175.66,33.8
+11411,Cambria Heights,Queens,676,3298.48,20494.26,36,175.66,34.81
+11411,Cambria Heights,Queens,675,3293.61,20494.26,36,175.66,35.03
+11411,Southeast Queens,Queens,675,3293.61,20494.26,36,175.66,35.46
+11411,Southeast Queens,Queens,675,3293.61,20494.26,36,175.66,35.7
+11411,Southeast Queens,Queens,674,3288.73,20494.26,36,175.66,36.58
+11411,Southeast Queens,Queens,674,3288.73,20494.26,36,175.66,37.37
+11411,Southeast Queens,Queens,671,3274.09,20494.26,36,175.66,38.24
+11411,Southeast Queens,Queens,670,3269.21,20494.26,36,175.66,38.86
+11411,Southeast Queens,Queens,669,3264.33,20494.26,36,175.66,39.12
+11411,Southeast Queens,Queens,666,3249.69,20494.26,35,170.78,39.63
+11411,Southeast Queens,Queens,664,3239.93,20494.26,35,170.78,40.66
+11411,Southeast Queens,Queens,661,3225.29,20494.26,35,170.78,41.39
+11411,Southeast Queens,Queens,656,3200.9,20494.26,35,170.78,41.39
+11411,Southeast Queens,Queens,652,3181.38,20494.26,35,170.78,42.08
+11411,Southeast Queens,Queens,651,3176.5,20494.26,35,170.78,42.45
+11411,Southeast Queens,Queens,650,3171.62,20494.26,35,170.78,43.24
