+11222,Greenpoint,Brooklyn,446,1226.99,36349.16,30,82.53,13.74,3245
+11222,Greenpoint,Brooklyn,443,1218.74,36349.16,30,82.53,13.62
+11222,Greenpoint,Brooklyn,443,1218.74,36349.16,30,82.53,13.87
+11222,Greenpoint,Brooklyn,444,1221.49,36349.16,30,82.53,14.16
+11222,Greenpoint,Brooklyn,441,1213.23,36349.16,30,82.53,14.44
+11222,Greenpoint,Brooklyn,441,1213.23,36349.16,30,82.53,14.97
+11222,Greenpoint,Brooklyn,440,1210.48,36349.16,30,82.53,16.28
+11222,Greenpoint,Brooklyn,437,1202.23,36349.16,29,79.78,16.28
+11222,Greenpoint,Brooklyn,436,1199.48,36349.16,29,79.78,16.35
+11222,Greenpoint,Brooklyn,436,1199.48,36349.16,29,79.78,16.45
+11222,Greenpoint,Brooklyn,436,1199.48,36349.16,28,77.03,16.8
+11222,Greenpoint,Brooklyn,432,1188.47,36349.16,28,77.03,18.43
+11222,Greenpoint,Brooklyn,432,1188.47,36349.16,28,77.03,18.65
+11222,Greenpoint,Brooklyn,430,1182.97,36349.16,28,77.03,20.07
+11222,Greenpoint,Brooklyn,430,1182.97,36349.16,28,77.03,20.82
+11222,Greenpoint,Brooklyn,429,1180.22,36349.16,28,77.03,20.88
+11222,Greenpoint,Brooklyn,427,1174.72,36349.16,28,77.03,21.59
+11222,Greenpoint,Brooklyn,427,1174.72,36349.16,28,77.03,22.3
+11222,Greenpoint,Brooklyn,427,1174.72,36349.16,28,77.03,22.85
+11222,Greenpoint,Brooklyn,425,1169.22,36349.16,28,77.03,22.85
+11222,Greenpoint,Brooklyn,424,1166.46,36349.16,28,77.03,24.09
+11222,Greenpoint,Brooklyn,419,1152.71,36349.16,26,71.53,24.22
+11222,Greenpoint,Brooklyn,415,1141.7,36349.16,26,71.53,26.19
