+11357,671,1485,45.19
+11357,667,1448,46.06
+11357,661,1405,47.05
+11357,653,1377,47.42
+"11357",1551,759,48.94
+"11357",642,1316,48.78
+11357,620,1262,49.13
+11357,603,1198,50.33
+11357,585,1119,52.28
+11357,580,1105,52.49
+11357,570,1079,52.83
+11357,560,1051,53.28
+11357,539,995,54.17
+11357,524,936,55.98
+11357,510,908,56.17
+11357,484,856,56.54
+"11357",477,836,57.06
+11357,452,798,56.64
+11357,441,777,56.76
+11357,408,724,56.35
+11357,400,706,56.66
+11357,373,659,56.6
+11357,336,604,55.63
+11357,323,570,56.67
+11357,260,483,53.83
+11357,240,456,52.63
+"11357",230,429,53.61
+"11357",162,320
