+11435,1322,2639,50.09
+11435,1298,2541,51.08
+11435,1288,2483,51.87
+11435,1269,2423,52.37
+"11435",2718,1459,53.68
+"11435",1215,2283,53.22
+11435,1179,2173,54.26
+11435,1131,2053,55.09
+11435,1075,1900,56.58
+11435,1057,1877,56.31
+11435,1029,1810,56.85
+11435,1009,1753,57.56
+11435,980,1683,58.23
+11435,950,1596,59.52
+11435,918,1520,60.39
+11435,884,1449,61.01
+"11435",861,1412,60.98
+11435,825,1357,60.8
+11435,796,1308,60.86
+11435,726,1212,59.9
+11435,707,1169,60.48
+11435,649,1068,60.77
+11435,567,963,58.88
+11435,550,917,59.98
+11435,485,799,60.7
+11435,441,736,59.92
+"11435",409,684,59.8
+"11435",293,517
