+11426,439,912,48.14
+11426,436,894,48.77
+11426,425,866,49.08
+11426,425,862,49.3
+"11426",965,492,50.98
+"11426",418,837,49.94
+11426,407,808,50.37
+11426,389,755,51.52
+11426,373,699,53.36
+11426,366,690,53.04
+11426,358,668,53.59
+11426,356,661,53.86
+11426,348,643,54.12
+11426,334,614,54.4
+11426,328,588,55.78
+11426,319,564,56.56
+"11426",316,558,56.63
+11426,301,537,56.05
+11426,292,524,55.73
+11426,270,492,54.88
+11426,263,475,55.37
+11426,243,438,55.48
+11426,225,404,55.69
+11426,214,383,55.87
+11426,163,313,52.08
+11426,155,296,52.36
+"11426",141,267,52.81
+"11426",101,202
