+11368,3507,5434,64.54
+11368,3441,5261,65.41
+11368,3417,5156,66.27
+11368,3326,4964,67
+"11368",5398,3707,68.67
+"11368",3211,4719,68.04
+11368,3140,4523,69.42
+11368,3045,4290,70.98
+11368,2946,4017,73.34
+11368,2919,3967,73.58
+11368,2863,3849,74.38
+11368,2817,3755,75.02
+11368,2749,3622,75.9
+11368,2701,3500,77.17
+11368,2631,3392,77.56
+11368,2563,3279,78.16
+"11368",2510,3198,78.49
+11368,2446,3102,78.85
+11368,2398,3035,79.01
+11368,2287,2893,79.05
+11368,2248,2829,79.46
+11368,2132,2667,79.94
+11368,1728,2231,77.45
+11368,1659,2132,77.81
+11368,1446,1861,77.7
+11368,1337,1723,77.6
+"11368",1245,1605,77.57
+"11368",947,1227
