+10462,1903,4148,45.88
+10462,1870,4040,46.29
+10462,1858,3941,47.15
+10462,1835,3849,47.67
+"10462",4201,2100,49.99
+"10462",1778,3674,48.39
+10462,1754,3522,49.8
+10462,1694,3363,50.37
+10462,1631,3138,51.98
+10462,1611,3100,51.97
+10462,1564,2935,53.29
+10462,1529,2839,53.86
+10462,1496,2755,54.3
+10462,1450,2648,54.76
+10462,1397,2535,55.11
+10462,1308,2347,55.73
+"10462",1284,2306,55.68
+10462,1223,2215,55.21
+10462,1201,2158,55.65
+10462,1133,2039,55.57
+10462,1114,1979,56.29
+10462,987,1748,56.46
+10462,807,1509,53.48
+10462,765,1387,55.16
+10462,632,1160,54.48
+10462,597,1096,54.47
+"10462",544,1015,53.6
+"10462",377,768
