+10038,207,493,41.99
+10038,203,486,41.77
+10038,201,470,42.77
+10038,196,456,42.98
+"10038",529,233,44.05
+"10038",185,425,43.53
+10038,179,407,43.98
+10038,178,392,45.41
+10038,171,363,47.11
+10038,167,355,47.04
+10038,166,352,47.16
+10038,165,347,47.55
+10038,163,336,48.51
+10038,160,328,48.78
+10038,160,321,49.84
+"10038",159,314,50.64
+10038,155,306,50.65
+10038,151,300,50.33
+10038,137,281,48.75
+10038,135,278,48.56
+10038,126,259,48.65
+10038,118,246,47.97
+10038,114,238,47.9
+10038,101,219,46.12
+10038,97,211,45.97
+"10038",93,198,46.97
+"10038",76,167
