+11102,503,1082,46.49
+11102,492,1050,46.86
+11102,483,1015,47.59
+11102,478,978,48.88
+"11102",1061,540,50.9
+"11102",470,946,49.68
+11102,460,914,50.33
+11102,436,840,51.9
+11102,409,770,53.12
+11102,405,760,53.29
+11102,387,730,53.01
+11102,379,698,54.3
+11102,360,667,53.97
+11102,352,646,54.49
+11102,345,626,55.11
+11102,336,596,56.38
+"11102",326,579,56.3
+11102,313,550,56.91
+11102,306,534,57.3
+11102,279,503,55.47
+11102,272,491,55.4
+11102,256,461,55.53
+11102,235,431,54.52
+11102,214,404,52.97
+11102,186,352,52.84
+11102,166,318,52.2
+"11102",153,296,51.69
+"11102",105,231
