+11374,912,1977,46.13
+11374,904,1930,46.84
+11374,902,1896,47.57
+11374,892,1848,48.27
+"11374",2084,1047,50.24
+"11374",870,1762,49.38
+11374,860,1690,50.89
+11374,842,1634,51.53
+11374,826,1542,53.57
+11374,817,1526,53.54
+11374,807,1491,54.12
+11374,792,1449,54.66
+11374,779,1410,55.25
+11374,763,1373,55.57
+11374,741,1312,56.48
+11374,727,1264,57.52
+"11374",710,1223,58.05
+11374,686,1190,57.65
+11374,673,1169,57.57
+11374,636,1105,57.56
+11374,625,1068,58.52
+11374,581,984,59.04
+11374,546,922,59.22
+11374,523,876,59.7
+11374,479,784,61.1
+11374,460,749,61.42
+"11374",419,686,61.08
+"11374",319,535
