+10005,52,190,27.37
+10005,52,177,29.38
+10005,51,171,29.82
+10005,49,166,29.52
+"10005",182,59,32.42
+"10005",48,156,30.77
+10005,47,150,31.33
+10005,45,144,31.25
+10005,44,140,31.43
+10005,44,137,32.12
+10005,44,134,32.84
+10005,44,133,33.08
+10005,42,130,32.31
+10005,41,126,32.54
+"10005",40,122,32.79
+10005,39,117,33.33
+10005,38,116,32.76
+10005,37,112,33.04
+10005,36,109,33.03
+10005,36,108,33.33
+10005,32,104,30.77
+10005,32,103,31.07
+10005,29,96,30.21
+10005,28,95,29.47
+"10005",28,94,29.79
+"10005",25,81
