+10455,1020,2043,49.93
+10455,1001,1980,50.56
+10455,993,1906,52.1
+10455,976,1838,53.1
+"10455",1992,1098,55.12
+"10455",922,1715,53.76
+10455,890,1628,54.67
+10455,861,1538,55.98
+10455,839,1451,57.82
+10455,831,1435,57.91
+10455,806,1379,58.45
+10455,795,1337,59.46
+10455,759,1270,59.76
+10455,727,1173,61.98
+10455,686,1104,62.14
+10455,652,1035,63
+"10455",626,998,62.73
+10455,584,946,61.73
+10455,562,919,61.15
+10455,523,867,60.32
+10455,511,847,60.33
+10455,457,762,59.97
+10455,349,631,55.31
+10455,326,584,55.82
+10455,274,495,55.35
+10455,257,469,54.8
+"10455",233,432,53.94
+"10455",176,351
