+10037,348,792,43.94
+10037,345,757,45.57
+10037,342,734,46.59
+10037,339,716,47.35
+"10037",776,382,49.23
+"10037",319,657,48.55
+10037,312,609,51.23
+10037,308,586,52.56
+10037,304,559,54.38
+10037,299,540,55.37
+10037,297,533,55.72
+10037,296,521,56.81
+10037,289,503,57.46
+10037,281,487,57.7
+10037,267,456,58.55
+"10037",246,427,57.61
+10037,235,411,57.18
+10037,232,405,57.28
+10037,223,391,57.03
+10037,216,380,56.84
+10037,194,344,56.4
+10037,157,302,51.99
+10037,146,282,51.77
+10037,121,241,50.21
+10037,108,222,48.65
+"10037",101,206,49.03
+"10037",109,204
