+11004,479,845,56.69
+11004,474,833,56.9
+11004,472,814,57.99
+11004,468,802,58.35
+"11004",896,536,59.82
+"11004",454,774,58.66
+11004,449,757,59.31
+11004,434,727,59.7
+11004,417,694,60.09
+11004,415,689,60.23
+11004,403,669,60.24
+11004,397,653,60.8
+11004,385,627,61.4
+11004,377,608,62.01
+11004,364,584,62.33
+11004,353,558,63.26
+"11004",348,547,63.62
+11004,330,521,63.34
+11004,324,505,64.16
+11004,310,481,64.45
+11004,300,462,64.94
+11004,278,424,65.57
+11004,250,391,63.94
+11004,239,367,65.12
+11004,200,316,63.29
+11004,194,307,63.19
+"11004",173,277,62.45
+"11004",121,204
