+10453,1870,3677,50.86
+10453,1845,3574,51.62
+10453,1834,3436,53.38
+10453,1796,3329,53.95
+"10453",3559,1998,56.14
+"10453",1729,3140,55.06
+10453,1684,2997,56.19
+10453,1626,2854,56.97
+10453,1559,2664,58.52
+10453,1547,2622,59
+10453,1499,2516,59.58
+10453,1474,2435,60.53
+10453,1432,2345,61.07
+10453,1381,2244,61.54
+10453,1341,2162,62.03
+10453,1261,2013,62.64
+"10453",1234,1972,62.58
+10453,1188,1895,62.69
+10453,1146,1811,63.28
+10453,1064,1690,62.96
+10453,1042,1637,63.65
+10453,941,1475,63.8
+10453,790,1287,61.38
+10453,734,1194,61.47
+10453,619,983,62.97
+10453,573,917,62.49
+"10453",527,845,62.37
+"10453",386,663
