+11358,477,1108,43.05
+11358,473,1072,44.12
+11358,467,1038,44.99
+11358,459,1007,45.58
+"11358",1102,521,47.28
+"11358",445,964,46.16
+11358,435,922,47.18
+11358,414,873,47.42
+11358,397,802,49.5
+11358,395,791,49.94
+11358,383,765,50.07
+11358,377,743,50.74
+11358,368,724,50.83
+11358,361,689,52.39
+11358,343,649,52.85
+11358,324,615,52.68
+"11358",319,604,52.81
+11358,301,576,52.26
+11358,289,553,52.26
+11358,265,519,51.06
+11358,259,504,51.39
+11358,246,478,51.46
+11358,211,429,49.18
+11358,205,407,50.37
+11358,172,358,48.04
+11358,163,339,48.08
+"11358",158,320,49.38
+"11358",119,248
