+10028,422,1321,31.95
+10028,411,1283,32.03
+10028,409,1239,33.01
+10028,399,1197,33.33
+"10028",1396,514,36.82
+"10028",393,1155,34.03
+10028,391,1130,34.6
+10028,383,1088,35.2
+10028,380,1040,36.54
+10028,379,1035,36.62
+10028,375,1011,37.09
+10028,371,1003,36.99
+10028,365,981,37.21
+10028,359,956,37.55
+10028,351,918,38.24
+10028,343,891,38.5
+"10028",330,844,39.1
+10028,326,822,39.66
+10028,317,802,39.53
+10028,302,764,39.53
+10028,297,749,39.65
+10028,284,716,39.66
+10028,264,667,39.58
+10028,257,650,39.54
+10028,237,595,39.83
+10028,229,571,40.11
+"10028",220,550,40
+"10028",189,476
