+10128,547,1795,30.47
+10128,546,1742,31.34
+10128,546,1699,32.14
+10128,536,1638,32.72
+"10128",1846,649,35.16
+"10128",529,1566,33.78
+10128,525,1507,34.84
+10128,513,1444,35.53
+10128,502,1371,36.62
+10128,501,1367,36.65
+10128,491,1327,37
+10128,489,1312,37.27
+10128,476,1285,37.04
+10128,469,1246,37.64
+10128,460,1207,38.11
+10128,453,1167,38.82
+"10128",424,1075,39.44
+10128,403,1027,39.24
+10128,396,1006,39.36
+10128,384,976,39.34
+10128,374,948,39.45
+10128,352,891,39.51
+10128,317,834,38.01
+10128,306,801,38.2
+10128,281,737,38.13
+10128,275,718,38.3
+"10128",267,690,38.7
+"10128",212,596
