+11220,1205,2317,52.01
+11220,1188,2249,52.82
+11220,1179,2193,53.76
+11220,1164,2136,54.49
+"11220",2328,1281,55.03
+"11220",1136,2045,55.55
+11220,1110,1959,56.66
+11220,1077,1870,57.59
+11220,1038,1735,59.83
+11220,1025,1713,59.84
+11220,1006,1647,61.08
+11220,997,1615,61.73
+11220,968,1567,61.77
+11220,936,1494,62.65
+11220,905,1434,63.11
+11220,870,1360,63.97
+"11220",844,1328,63.55
+11220,808,1277,63.27
+11220,784,1238,63.33
+11220,718,1156,62.11
+11220,695,1109,62.67
+11220,656,1048,62.6
+11220,585,959,61
+11220,556,893,62.26
+11220,455,748,60.83
+11220,440,712,61.8
+"11220",402,654,61.47
+"11220",264,459
