+10303,737,1671,44.11
+10303,733,1645,44.56
+10303,727,1609,45.18
+10303,721,1577,45.72
+"10303",1711,811,47.4
+"10303",700,1518,46.11
+10303,681,1439,47.32
+10303,662,1376,48.11
+10303,640,1297,49.34
+10303,638,1292,49.38
+10303,619,1239,49.96
+10303,613,1198,51.17
+10303,586,1139,51.45
+10303,573,1064,53.85
+10303,555,1023,54.25
+10303,533,959,55.58
+"10303",527,942,55.94
+10303,506,903,56.04
+10303,486,866,56.12
+10303,419,760,55.13
+10303,412,736,55.98
+10303,363,636,57.08
+10303,265,513,51.66
+10303,229,448,51.12
+10303,174,353,49.29
+10303,159,322,49.38
+"10303",144,292,49.32
+"10303",106,221
