+11211,1649,3488,47.28
+11211,1626,3344,48.62
+11211,1607,3219,49.92
+11211,1584,3078,51.46
+"11211",3444,1863,54.09
+"11211",1545,2930,52.73
+11211,1514,2771,54.64
+11211,1475,2594,56.86
+11211,1433,2435,58.85
+11211,1422,2414,58.91
+11211,1410,2364,59.64
+11211,1399,2332,59.99
+11211,1379,2275,60.62
+11211,1363,2222,61.34
+11211,1342,2169,61.87
+11211,1293,2055,62.92
+"11211",1248,1975,63.19
+11211,1216,1914,63.53
+11211,1202,1893,63.5
+11211,1138,1799,63.26
+11211,1128,1764,63.95
+11211,1066,1659,64.26
+11211,974,1535,63.45
+11211,948,1490,63.62
+11211,859,1335,64.34
+11211,829,1285,64.51
+"11211",788,1225,64.33
+"11211",601,961
