+10021,487,1509,32.27
+10021,476,1476,32.25
+10021,474,1425,33.26
+10021,469,1371,34.21
+"10021",1568,580,36.99
+"10021",461,1318,34.98
+10021,458,1278,35.84
+10021,451,1244,36.25
+10021,443,1185,37.38
+10021,438,1179,37.15
+10021,431,1152,37.41
+10021,431,1148,37.54
+10021,428,1139,37.58
+10021,419,1109,37.78
+10021,412,1070,38.5
+10021,405,1033,39.21
+"10021",400,1011,39.56
+10021,389,977,39.82
+10021,386,967,39.92
+10021,360,906,39.74
+10021,350,885,39.55
+10021,325,836,38.88
+10021,298,799,37.3
+10021,295,771,38.26
+10021,282,726,38.84
+10021,271,705,38.44
+"10021",258,672,38.39
+"10021",211,562
