+11361,377,878,42.94
+11361,370,852,43.43
+11361,367,826,44.43
+11361,363,801,45.32
+"11361",883,417,47.23
+"11361",352,763,46.13
+11361,346,724,47.79
+11361,340,703,48.36
+11361,321,651,49.31
+11361,317,646,49.07
+11361,308,625,49.28
+11361,305,603,50.58
+11361,302,590,51.19
+11361,298,560,53.21
+11361,284,533,53.28
+11361,271,507,53.45
+"11361",265,489,54.19
+11361,258,474,54.43
+11361,253,463,54.64
+11361,229,420,54.52
+11361,224,404,55.45
+11361,207,378,54.76
+11361,185,339,54.57
+11361,178,318,55.97
+11361,145,270,53.7
+11361,130,248,52.42
+"11361",118,229,51.53
+"11361",85,188
