+11379,678,1507,44.99
+11379,665,1464,45.42
+11379,662,1428,46.36
+11379,651,1390,46.83
+"11379",1544,762,49.35
+"11379",631,1331,47.41
+11379,618,1289,47.94
+11379,581,1207,48.14
+11379,561,1128,49.73
+11379,558,1119,49.87
+11379,541,1081,50.05
+11379,531,1047,50.72
+11379,520,1010,51.49
+11379,509,963,52.86
+11379,491,922,53.25
+11379,476,876,54.34
+"11379",459,846,54.26
+11379,438,809,54.14
+11379,434,797,54.45
+11379,403,741,54.39
+11379,394,727,54.2
+11379,366,664,55.12
+11379,326,605,53.88
+11379,317,576,55.03
+11379,276,504,54.76
+11379,260,476,54.62
+"11379",252,456,55.26
+"11379",195,360
