+10030,413,892,46.3
+10030,407,859,47.38
+10030,401,829,48.37
+10030,395,791,49.94
+"10030",881,452,51.31
+"10030",377,727,51.86
+10030,375,696,53.88
+10030,369,665,55.49
+10030,361,626,57.67
+10030,360,623,57.78
+10030,356,606,58.75
+10030,351,590,59.49
+10030,336,564,59.57
+10030,331,544,60.85
+10030,323,526,61.41
+10030,313,510,61.37
+"10030",289,467,61.88
+10030,280,455,61.54
+10030,277,448,61.83
+10030,257,424,60.61
+10030,254,417,60.91
+10030,232,383,60.57
+10030,194,340,57.06
+10030,186,329,56.53
+10030,164,289,56.75
+10030,149,267,55.81
+"10030",135,247,54.66
+"10030",106,204
