+10467,2796,5548,50.4
+10467,2748,5395,50.94
+10467,2723,5235,52.02
+10467,2689,5121,52.51
+"10467",5639,3060,54.26
+"10467",2594,4905,52.88
+10467,2551,4716,54.09
+10467,2486,4521,54.99
+10467,2392,4224,56.63
+10467,2372,4184,56.69
+10467,2290,3983,57.49
+10467,2245,3851,58.3
+10467,2204,3754,58.71
+10467,2154,3613,59.62
+10467,2087,3449,60.51
+10467,1972,3222,61.2
+"10467",1918,3135,61.18
+10467,1818,2991,60.78
+10467,1769,2911,60.77
+10467,1653,2729,60.57
+10467,1626,2669,60.92
+10467,1442,2385,60.46
+10467,1209,2091,57.82
+10467,1142,1942,58.81
+10467,941,1625,57.91
+10467,889,1531,58.07
+"10467",836,1446,57.81
+"10467",638,1134
