+11385,1733,3509,49.39
+11385,1712,3422,50.03
+11385,1701,3320,51.23
+11385,1666,3221,51.72
+"11385",3589,1917,53.41
+"11385",1611,3097,52.02
+11385,1558,2968,52.49
+11385,1495,2807,53.26
+11385,1429,2614,54.67
+11385,1396,2557,54.6
+11385,1345,2447,54.97
+11385,1325,2387,55.51
+11385,1288,2298,56.05
+11385,1252,2179,57.46
+11385,1219,2088,58.38
+11385,1167,1976,59.06
+"11385",1139,1921,59.29
+11385,1091,1839,59.33
+11385,1066,1797,59.32
+11385,977,1662,58.78
+11385,963,1613,59.7
+11385,885,1494,59.24
+11385,804,1373,58.56
+11385,767,1311,58.5
+11385,668,1139,58.65
+11385,639,1087,58.79
+"11385",606,1021,59.35
+"11385",425,759
