+11101,520,1277,40.72
+11101,509,1239,41.08
+11101,502,1212,41.42
+11101,493,1171,42.1
+"11101",1308,562,42.97
+"11101",480,1122,42.78
+11101,475,1080,43.98
+11101,460,1024,44.92
+11101,444,952,46.64
+11101,440,936,47.01
+11101,429,904,47.46
+11101,423,881,48.01
+11101,406,845,48.05
+11101,398,808,49.26
+11101,388,770,50.39
+11101,374,735,50.88
+"11101",364,707,51.49
+11101,351,686,51.17
+11101,344,672,51.19
+11101,322,627,51.36
+11101,315,614,51.3
+11101,298,580,51.38
+11101,265,537,49.35
+11101,258,520,49.62
+11101,232,470,49.36
+11101,214,439,48.75
+"11101",201,417,48.2
+"11101",148,320
