+11236,2235,4226,52.89
+11236,2204,4129,53.38
+11236,2189,3999,54.74
+11236,2157,3890,55.45
+"11236",4267,2446,57.32
+"11236",2097,3723,56.33
+11236,2051,3565,57.53
+11236,1990,3376,58.95
+11236,1922,3140,61.21
+11236,1899,3106,61.14
+11236,1859,2989,62.19
+11236,1828,2903,62.97
+11236,1760,2756,63.86
+11236,1707,2631,64.88
+11236,1637,2501,65.45
+11236,1558,2345,66.44
+"11236",1439,2176,66.13
+11236,1352,2053,65.85
+11236,1313,1985,66.15
+11236,1184,1835,64.52
+11236,1157,1785,64.82
+11236,1069,1641,65.14
+11236,938,1470,63.81
+11236,871,1376,63.3
+11236,728,1153,63.14
+11236,676,1070,63.18
+"11236",618,979,63.13
+"11236",416,701
