+10475,Co-op City/Edenwald,Bronx,1699,3884.03,43743.21,161,368.06,29.4,5778
+10475,Co-op City/Edenwald,Bronx,1698,3881.75,43743.21,161,368.06,29.34
+10475,Co-op City/Edenwald,Bronx,1696,3877.17,43743.21,161,368.06,29.54
+10475,Co-op City/Edenwald,Bronx,1696,3877.17,43743.21,161,368.06,29.73
+10475,Co-op City/Edenwald,Bronx,1692,3868.03,43743.21,161,368.06,29.9
+10475,Co-op City/Edenwald,Bronx,1691,3865.74,43743.21,161,368.06,30.19
+10475,Co-op City/Edenwald,Bronx,1688,3858.88,43743.21,161,368.06,30.97
+10475,Co-op City/Edenwald,Bronx,1682,3845.17,43743.21,161,368.06,30.97
+10475,Co-op City/Edenwald,Bronx,1680,3840.6,43743.21,161,368.06,31.18
+10475,Northeast Bronx,Bronx,1679,3838.31,43743.21,161,368.06,31.37
+10475,Northeast Bronx,Bronx,1677,3833.74,43743.21,161,368.06,31.74
+10475,Northeast Bronx,Bronx,1670,3817.74,43743.21,161,368.06,32.42
+10475,Northeast Bronx,Bronx,1667,3810.88,43743.21,161,368.06,32.87
+10475,Northeast Bronx,Bronx,1661,3797.16,43743.21,161,368.06,33.5
+10475,Northeast Bronx,Bronx,1659,3792.59,43743.21,161,368.06,33.82
+10475,Northeast Bronx,Bronx,1658,3790.3,43743.21,160,365.77,34.01
+10475,Northeast Bronx,Bronx,1658,3790.3,43743.21,160,365.77,34.24
+10475,Northeast Bronx,Bronx,1652,3776.59,43743.21,159,363.49,34.83
+10475,Northeast Bronx,Bronx,1649,3769.73,43743.21,157,358.91,35.26
+10475,Northeast Bronx,Bronx,1644,3758.3,43743.21,157,358.91,35.26
+10475,Northeast Bronx,Bronx,1635,3737.72,43743.21,155,354.34,35.7
+10475,Northeast Bronx,Bronx,1630,3726.29,43743.21,155,354.34,35.94
+10475,Northeast Bronx,Bronx,1630,3726.29,43743.21,155,354.34,36.47
