+10032,1168,2311,50.54
+10032,1153,2247,51.31
+10032,1146,2192,52.28
+10032,1125,2111,53.29
+"10032",2391,1297,54.25
+"10032",1082,1974,54.81
+10032,1051,1861,56.48
+10032,1012,1749,57.86
+10032,973,1645,59.15
+10032,968,1636,59.17
+10032,944,1581,59.71
+10032,937,1556,60.22
+10032,919,1514,60.7
+10032,898,1468,61.17
+10032,857,1404,61.04
+10032,820,1332,61.56
+"10032",775,1262,61.41
+10032,751,1229,61.11
+10032,728,1190,61.18
+10032,636,1066,59.66
+10032,629,1052,59.79
+10032,586,983,59.61
+10032,543,914,59.41
+10032,508,857,59.28
+10032,448,757,59.18
+10032,431,724,59.53
+"10032",389,670,58.06
+"10032",308,548
