+10309,765,2106,36.32
+10309,759,2076,36.56
+10309,757,2021,37.46
+10309,753,1995,37.74
+"10309",2206,894,40.53
+"10309",741,1955,37.9
+10309,738,1899,38.86
+10309,713,1828,39
+10309,700,1748,40.05
+10309,688,1734,39.68
+10309,680,1681,40.45
+10309,672,1626,41.33
+10309,658,1569,41.94
+10309,646,1499,43.1
+10309,639,1466,43.59
+10309,617,1386,44.52
+"10309",594,1345,44.16
+10309,575,1298,44.3
+10309,561,1264,44.38
+10309,508,1156,43.94
+10309,500,1117,44.76
+10309,416,913,45.56
+10309,324,765,42.35
+10309,298,646,46.13
+10309,246,522,47.13
+10309,230,483,47.62
+"10309",215,453,47.46
+"10309",170,363
