+10001,303,805,37.64
+10001,301,793,37.96
+10001,300,759,39.53
+10001,299,737,40.57
+"10001",851,375,44.07
+"10001",288,685,42.04
+10001,285,661,43.12
+10001,277,636,43.55
+10001,268,603,44.44
+10001,266,600,44.33
+10001,261,582,44.85
+10001,260,571,45.53
+10001,254,563,45.12
+10001,251,545,46.06
+10001,242,521,46.45
+10001,238,502,47.41
+"10001",231,480,48.12
+10001,221,462,47.84
+10001,211,448,47.1
+10001,201,435,46.21
+10001,197,429,45.92
+10001,191,408,46.81
+10001,178,384,46.35
+10001,170,364,46.7
+10001,158,337,46.88
+10001,146,321,45.48
+"10001",136,304,44.74
+"10001",113,265
