+10470,383,867,44.18
+10470,378,848,44.58
+10470,376,825,45.58
+10470,375,812,46.18
+"10470",876,417,47.6
+"10470",371,782,47.44
+10470,365,745,48.99
+10470,352,712,49.44
+10470,339,669,50.67
+10470,336,664,50.6
+10470,329,647,50.85
+10470,321,617,52.03
+10470,317,605,52.4
+10470,305,576,52.95
+10470,299,557,53.68
+10470,284,518,54.83
+"10470",279,510,54.71
+10470,266,491,54.18
+10470,258,472,54.66
+10470,238,439,54.21
+10470,233,425,54.82
+10470,205,368,55.71
+10470,167,314,53.18
+10470,156,286,54.55
+10470,121,229,52.84
+10470,111,211,52.61
+"10470",108,202,53.47
+"10470",83,157
