+11434,1671,3218,51.93
+11434,1649,3129,52.7
+11434,1636,3059,53.48
+11434,1620,3004,53.93
+"11434",3285,1843,56.1
+"11434",1569,2869,54.69
+11434,1537,2745,55.99
+11434,1481,2600,56.96
+11434,1433,2432,58.92
+11434,1415,2404,58.86
+11434,1381,2322,59.47
+11434,1356,2245,60.4
+11434,1321,2168,60.93
+11434,1284,2063,62.24
+11434,1235,1951,63.3
+11434,1190,1859,64.01
+"11434",1154,1798,64.18
+11434,1099,1717,64.01
+11434,1060,1655,64.05
+11434,997,1552,64.24
+11434,968,1485,65.19
+11434,895,1348,66.39
+11434,785,1212,64.77
+11434,752,1139,66.02
+11434,635,952,66.7
+11434,584,877,66.59
+"11434",536,803,66.75
+"11434",358,555
