+11418,Richmond Hill,Queens,1091,2863.13,38105.16,94,246.69,30.78,3544
+11418,Richmond Hill,Queens,1089,2857.88,38105.16,94,246.69,30.62
+11418,Richmond Hill,Queens,1086,2850.01,38105.16,94,246.69,30.85
+11418,Richmond Hill,Queens,1083,2842.13,38105.16,94,246.69,31.03
+11418,Richmond Hill,Queens,1076,2823.76,38105.16,93,244.06,31.21
+11418,Richmond Hill,Queens,1073,2815.89,38105.16,92,241.44,31.52
+11418,Richmond Hill,Queens,1070,2808.02,38105.16,91,238.81,32.83
+11418,Richmond Hill,Queens,1069,2805.39,38105.16,90,236.19,32.83
+11418,Richmond Hill,Queens,1069,2805.39,38105.16,90,236.19,33.14
+11418,Southwest Queens,Queens,1070,2808.02,38105.16,90,236.19,33.54
+11418,Southwest Queens,Queens,1068,2802.77,38105.16,90,236.19,34.03
+11418,Southwest Queens,Queens,1067,2800.15,38105.16,90,236.19,34.91
+11418,Southwest Queens,Queens,1059,2779.15,38105.16,90,236.19,35.26
+11418,Southwest Queens,Queens,1053,2763.41,38105.16,89,233.56,35.82
+11418,Southwest Queens,Queens,1051,2758.16,38105.16,89,233.56,36.04
+11418,Southwest Queens,Queens,1050,2755.53,38105.16,88,230.94,36.3
+11418,Southwest Queens,Queens,1048,2750.28,38105.16,88,230.94,36.66
+11418,Southwest Queens,Queens,1046,2745.03,38105.16,87,228.32,37.41
+11418,Southwest Queens,Queens,1040,2729.29,38105.16,87,228.32,37.94
+11418,Southwest Queens,Queens,1039,2726.66,38105.16,86,225.69,37.94
+11418,Southwest Queens,Queens,1035,2716.17,38105.16,86,225.69,38.58
+11418,Southwest Queens,Queens,1032,2708.29,38105.16,85,223.07,38.83
+11418,Southwest Queens,Queens,1022,2682.05,38105.16,85,223.07,39.58
