+11225,980,1958,50.05
+11225,972,1902,51.1
+11225,967,1854,52.16
+11225,954,1798,53.06
+"11225",1992,1107,55.57
+"11225",936,1721,54.39
+11225,915,1654,55.32
+11225,882,1560,56.54
+11225,850,1462,58.14
+11225,843,1451,58.1
+11225,824,1406,58.61
+11225,814,1359,59.9
+11225,797,1309,60.89
+11225,763,1246,61.24
+11225,737,1205,61.16
+11225,711,1124,63.26
+"11225",686,1080,63.52
+11225,654,1029,63.56
+11225,632,1001,63.14
+11225,588,944,62.29
+11225,573,905,63.31
+11225,541,844,64.1
+11225,469,751,62.45
+11225,450,716,62.85
+11225,394,608,64.8
+11225,376,572,65.73
+"11225",353,539,65.49
+"11225",267,427
