+11375,1330,2925,45.47
+11375,1320,2852,46.28
+11375,1313,2794,46.99
+11375,1293,2725,47.45
+"11375",3050,1513,49.61
+"11375",1263,2635,47.93
+11375,1251,2550,49.06
+11375,1214,2452,49.51
+11375,1174,2308,50.87
+11375,1170,2285,51.2
+11375,1147,2216,51.76
+11375,1138,2175,52.32
+11375,1125,2128,52.87
+11375,1095,2059,53.18
+11375,1060,1972,53.75
+11375,1026,1894,54.17
+"11375",1003,1848,54.27
+11375,970,1793,54.1
+11375,937,1741,53.82
+11375,872,1644,53.04
+11375,859,1603,53.59
+11375,825,1515,54.46
+11375,777,1428,54.41
+11375,744,1359,54.75
+11375,653,1203,54.28
+11375,613,1138,53.87
+"11375",559,1048,53.34
+"11375",418,838
