+11213,1161,2354,49.32
+11213,1148,2281,50.33
+11213,1142,2218,51.49
+11213,1131,2157,52.43
+"11213",2420,1331,55
+"11213",1099,2058,53.4
+11213,1078,1987,54.25
+11213,1040,1874,55.5
+11213,1014,1765,57.45
+11213,1010,1756,57.52
+11213,989,1702,58.11
+11213,972,1653,58.8
+11213,958,1618,59.21
+11213,931,1557,59.79
+11213,906,1497,60.52
+11213,873,1421,61.44
+"11213",840,1373,61.18
+11213,811,1322,61.35
+11213,793,1296,61.19
+11213,737,1213,60.76
+11213,726,1189,61.06
+11213,682,1107,61.61
+11213,633,1043,60.69
+11213,615,1002,61.38
+11213,554,879,63.03
+11213,520,816,63.73
+"11213",498,772,64.51
+"11213",394,621
