+11210,1394,2774,50.25
+11210,1379,2701,51.06
+11210,1369,2625,52.15
+11210,1350,2550,52.94
+"11210",2819,1558,55.27
+"11210",1320,2442,54.05
+11210,1300,2341,55.53
+11210,1266,2238,56.57
+11210,1230,2101,58.54
+11210,1219,2085,58.47
+11210,1183,1993,59.36
+11210,1162,1931,60.18
+11210,1138,1863,61.08
+11210,1122,1796,62.47
+11210,1081,1721,62.81
+11210,1042,1638,63.61
+"11210",960,1516,63.32
+11210,919,1460,62.95
+11210,898,1427,62.93
+11210,838,1351,62.03
+11210,821,1317,62.34
+11210,776,1241,62.53
+11210,699,1138,61.42
+11210,663,1083,61.22
+11210,583,953,61.18
+11210,554,900,61.56
+"11210",524,859,61
+"11210",386,671
