+11364,405,991,40.87
+11364,401,964,41.6
+11364,399,943,42.31
+11364,393,915,42.95
+"11364",1017,452,44.44
+"11364",384,871,44.09
+11364,376,832,45.19
+11364,367,795,46.16
+11364,349,733,47.61
+11364,343,722,47.51
+11364,336,691,48.63
+11364,330,668,49.4
+11364,322,642,50.16
+11364,314,607,51.73
+11364,303,577,52.51
+11364,288,541,53.23
+"11364",282,521,54.13
+11364,265,499,53.11
+11364,259,485,53.4
+11364,242,456,53.07
+11364,237,443,53.5
+11364,220,412,53.4
+11364,200,375,53.33
+11364,196,360,54.44
+11364,164,312,52.56
+11364,158,297,53.2
+"11364",149,277,53.79
+"11364",113,220
