+11415,Kew Gardens,Queens,534,2776.3,19234.25,44,228.76,26.63,2005
+11415,Kew Gardens,Queens,534,2776.3,19234.25,44,228.76,26.63
+11415,Kew Gardens,Queens,534,2776.3,19234.25,44,228.76,27.06
+11415,Kew Gardens,Queens,533,2771.1,19234.25,43,223.56,27.31
+11415,Kew Gardens,Queens,532,2765.9,19234.25,43,223.56,27.48
+11415,Kew Gardens,Queens,528,2745.1,19234.25,43,223.56,27.77
+11415,Kew Gardens,Queens,528,2745.1,19234.25,42,218.36,29.13
+11415,Kew Gardens,Queens,526,2734.71,19234.25,41,213.16,29.13
+11415,Kew Gardens,Queens,527,2739.9,19234.25,41,213.16,29.22
+11415,Southwest Queens,Queens,526,2734.71,19234.25,41,213.16,29.41
+11415,Southwest Queens,Queens,526,2734.71,19234.25,41,213.16,29.88
+11415,Southwest Queens,Queens,525,2729.51,19234.25,41,213.16,31.15
+11415,Southwest Queens,Queens,523,2719.11,19234.25,41,213.16,31.49
+11415,Southwest Queens,Queens,520,2703.51,19234.25,41,213.16,32.81
+11415,Southwest Queens,Queens,518,2693.11,19234.25,41,213.16,33.16
+11415,Southwest Queens,Queens,516,2682.71,19234.25,41,213.16,33.29
+11415,Southwest Queens,Queens,514,2672.32,19234.25,41,213.16,33.6
+11415,Southwest Queens,Queens,513,2667.12,19234.25,41,213.16,34.27
+11415,Southwest Queens,Queens,512,2661.92,19234.25,41,213.16,34.71
+11415,Southwest Queens,Queens,510,2651.52,19234.25,41,213.16,34.71
+11415,Southwest Queens,Queens,509,2646.32,19234.25,41,213.16,35.23
+11415,Southwest Queens,Queens,508,2641.12,19234.25,41,213.16,35.77
+11415,Southwest Queens,Queens,504,2620.33,19234.25,41,213.16,36.56
