+10305,1054,2667,39.52
+10305,1042,2616,39.83
+10305,1031,2559,40.29
+10305,1019,2499,40.78
+"10305",2764,1198,43.34
+"10305",995,2403,41.41
+10305,975,2324,41.95
+10305,944,2237,42.2
+10305,921,2145,42.94
+10305,914,2128,42.95
+10305,891,2054,43.38
+10305,883,2001,44.13
+10305,856,1924,44.49
+10305,829,1813,45.73
+10305,801,1739,46.06
+10305,753,1619,46.51
+"10305",746,1591,46.89
+10305,724,1549,46.74
+10305,700,1504,46.54
+10305,636,1386,45.89
+10305,616,1345,45.8
+10305,540,1157,46.67
+10305,410,948,43.25
+10305,369,798,46.24
+10305,298,652,45.71
+10305,280,607,46.13
+"10305",258,561,45.99
+"10305",178,428
