+11429,804,1412,56.94
+11429,799,1385,57.69
+11429,796,1353,58.83
+11429,787,1325,59.4
+"11429",1472,897,60.94
+"11429",767,1273,60.25
+11429,754,1219,61.85
+11429,728,1154,63.08
+11429,700,1080,64.81
+11429,690,1062,64.97
+11429,673,1027,65.53
+11429,660,1002,65.87
+11429,642,971,66.12
+11429,626,928,67.46
+11429,610,893,68.31
+11429,595,857,69.43
+"11429",575,830,69.28
+11429,548,790,69.37
+11429,536,765,70.07
+11429,496,708,70.06
+11429,482,681,70.78
+11429,432,615,70.24
+11429,402,573,70.16
+11429,381,542,70.3
+11429,322,461,69.85
+11429,296,424,69.81
+"11429",274,393,69.72
+"11429",163,265
