+11207,1626,3324,48.92
+11207,1597,3210,49.75
+11207,1582,3142,50.35
+11207,1551,3049,50.87
+"11207",3307,1722,52.07
+"11207",1478,2847,51.91
+11207,1427,2694,52.97
+11207,1373,2523,54.42
+11207,1327,2357,56.3
+11207,1306,2328,56.1
+11207,1267,2240,56.56
+11207,1233,2136,57.72
+11207,1201,2056,58.41
+11207,1170,1971,59.36
+11207,1114,1837,60.64
+11207,1056,1706,61.9
+"11207",1004,1626,61.75
+11207,956,1548,61.76
+11207,928,1495,62.07
+11207,856,1408,60.8
+11207,836,1365,61.25
+11207,763,1253,60.89
+11207,684,1144,59.79
+11207,658,1087,60.53
+11207,554,911,60.81
+11207,524,859,61
+"11207",479,798,60.03
+"11207",332,587
