+10012,139,446,31.17
+10012,137,437,31.35
+10012,136,428,31.78
+10012,135,414,32.61
+"10012",466,166,35.62
+"10012",133,394,33.76
+10012,130,380,34.21
+10012,125,361,34.63
+10012,121,345,35.07
+10012,118,334,35.33
+10012,116,330,35.15
+10012,114,323,35.29
+10012,113,318,35.53
+10012,113,316,35.76
+10012,109,307,35.5
+"10012",101,293,34.47
+10012,99,287,34.49
+10012,98,285,34.39
+10012,96,277,34.66
+10012,96,274,35.04
+10012,91,257,35.41
+10012,88,249,35.34
+10012,86,241,35.68
+10012,85,226,37.61
+10012,80,217,36.87
+"10012",77,209,36.84
+"10012",68,183
