+10016,582,1723,33.78
+10016,573,1673,34.25
+10016,566,1632,34.68
+10016,559,1554,35.97
+"10016",1864,727,39
+"10016",546,1489,36.67
+10016,539,1434,37.59
+10016,535,1374,38.94
+10016,520,1277,40.72
+10016,515,1258,40.94
+10016,506,1208,41.89
+10016,502,1197,41.94
+10016,496,1178,42.11
+10016,488,1147,42.55
+10016,480,1108,43.32
+10016,470,1082,43.44
+"10016",454,1044,43.49
+10016,442,1008,43.85
+10016,435,992,43.85
+10016,417,964,43.26
+10016,412,950,43.37
+10016,389,906,42.94
+10016,354,843,41.99
+10016,344,814,42.26
+10016,324,727,44.57
+10016,311,700,44.43
+"10016",295,661,44.63
+"10016",288,581
