+10308,575,1623,35.43
+10308,572,1590,35.97
+10308,570,1545,36.89
+10308,569,1528,37.24
+"10308",1716,692,40.33
+"10308",559,1487,37.59
+10308,551,1446,38.11
+10308,537,1399,38.38
+10308,522,1330,39.25
+10308,519,1325,39.17
+10308,507,1277,39.7
+10308,504,1242,40.58
+10308,494,1210,40.83
+10308,486,1151,42.22
+10308,478,1123,42.56
+10308,459,1074,42.74
+"10308",450,1055,42.65
+10308,441,1022,43.15
+10308,430,984,43.7
+10308,390,903,43.19
+10308,380,867,43.83
+10308,344,756,45.5
+10308,270,639,42.25
+10308,248,556,44.6
+10308,214,474,45.15
+10308,197,438,44.98
+"10308",184,407,45.21
+"10308",146,331
