+10304,1186,2669,44.44
+10304,1174,2617,44.86
+10304,1161,2562,45.32
+10304,1153,2518,45.79
+"10304",2805,1348,48.06
+"10304",1120,2418,46.32
+10304,1101,2333,47.19
+10304,1080,2261,47.77
+10304,1046,2149,48.67
+10304,1035,2128,48.64
+10304,1014,2060,49.22
+10304,1001,2003,49.98
+10304,973,1946,50
+10304,943,1841,51.22
+10304,911,1766,51.59
+10304,851,1653,51.48
+"10304",834,1623,51.39
+10304,805,1574,51.14
+10304,788,1529,51.54
+10304,718,1409,50.96
+10304,702,1366,51.39
+10304,634,1191,53.23
+10304,515,1010,50.99
+10304,482,899,53.62
+10304,419,763,54.91
+10304,397,717,55.37
+"10304",376,667,56.37
+"10304",289,540
