+10474,275,574,47.91
+10474,272,558,48.75
+10474,271,531,51.04
+10474,267,517,51.64
+"10474",576,303,52.6
+"10474",256,483,53
+10474,246,459,53.59
+10474,235,433,54.27
+10474,231,402,57.46
+10474,230,400,57.5
+10474,227,391,58.06
+10474,223,380,58.68
+10474,216,355,60.85
+10474,210,340,61.76
+10474,198,318,62.26
+10474,187,292,64.04
+"10474",182,283,64.31
+10474,175,275,63.64
+10474,170,266,63.91
+10474,159,250,63.6
+10474,158,245,64.49
+10474,138,219,63.01
+10474,106,174,60.92
+10474,97,157,61.78
+10474,83,136,61.03
+10474,77,130,59.23
+"10474",71,120,59.17
+"10474",55,97
