+10457,1676,3427,48.91
+10457,1654,3325,49.74
+10457,1630,3132,52.04
+10457,1597,3039,52.55
+"10457",3249,1773,54.57
+"10457",1524,2849,53.49
+10457,1485,2697,55.06
+10457,1441,2542,56.69
+10457,1381,2354,58.67
+10457,1362,2319,58.73
+10457,1315,2206,59.61
+10457,1286,2126,60.49
+10457,1250,2058,60.74
+10457,1209,1961,61.65
+10457,1173,1882,62.33
+10457,1092,1749,62.44
+"10457",1069,1704,62.73
+10457,1004,1612,62.28
+10457,969,1551,62.48
+10457,907,1467,61.83
+10457,890,1415,62.9
+10457,820,1308,62.69
+10457,679,1126,60.3
+10457,644,1062,60.64
+10457,533,879,60.64
+10457,483,814,59.34
+"10457",427,743,57.47
+"10457",306,571
