+10469,2493,4830,51.61
+10469,2455,4706,52.17
+10469,2406,4568,52.67
+10469,2394,4478,53.46
+"10469",4897,2704,55.22
+"10469",2317,4285,54.07
+10469,2272,4121,55.13
+10469,2213,3946,56.08
+10469,2148,3718,57.77
+10469,2131,3684,57.84
+10469,2071,3542,58.47
+10469,2042,3422,59.67
+10469,1980,3302,59.96
+10469,1911,3156,60.55
+10469,1837,2996,61.32
+10469,1724,2772,62.19
+"10469",1670,2688,62.13
+10469,1577,2558,61.65
+10469,1514,2448,61.85
+10469,1417,2300,61.61
+10469,1381,2226,62.04
+10469,1208,1950,61.95
+10469,988,1673,59.06
+10469,925,1531,60.42
+10469,795,1304,60.97
+10469,755,1231,61.33
+"10469",683,1119,61.04
+"10469",470,815
