+11228,547,1220,44.84
+11228,542,1180,45.93
+11228,540,1147,47.08
+11228,530,1108,47.83
+"11228",1244,615,49.44
+"11228",513,1058,48.49
+11228,502,1019,49.26
+11228,487,972,50.1
+11228,473,904,52.32
+11228,470,896,52.46
+11228,457,853,53.58
+11228,449,826,54.36
+11228,439,803,54.67
+11228,429,772,55.57
+11228,413,733,56.34
+11228,388,683,56.81
+"11228",378,664,56.93
+11228,365,648,56.33
+11228,356,626,56.87
+11228,322,576,55.9
+11228,316,558,56.63
+11228,294,519,56.65
+11228,250,454,55.07
+11228,229,421,54.39
+11228,179,341,52.49
+11228,169,324,52.16
+"11228",158,300,52.67
+"11228",101,222
