+11233,1030,2120,48.58
+11233,1013,2046,49.51
+11233,1003,1975,50.78
+11233,987,1917,51.49
+"11233",2037,1077,52.87
+"11233",954,1788,53.36
+11233,930,1708,54.45
+11233,884,1600,55.25
+11233,859,1496,57.42
+11233,844,1476,57.18
+11233,824,1414,58.27
+11233,802,1361,58.93
+11233,782,1312,59.6
+11233,754,1251,60.27
+11233,717,1174,61.07
+11233,666,1091,61.04
+"11233",648,1056,61.36
+11233,616,1005,61.29
+11233,591,971,60.87
+11233,539,904,59.62
+11233,534,881,60.61
+11233,481,797,60.35
+11233,428,720,59.44
+11233,412,691,59.62
+11233,356,576,61.81
+11233,325,524,62.02
+"11233",302,493,61.26
+"11233",225,383
