+10466,2025,4090,49.51
+10466,2012,4008,50.2
+10466,1993,3895,51.17
+10466,1981,3817,51.9
+"10466",4145,2193,52.91
+"10466",1919,3661,52.42
+10466,1875,3532,53.09
+10466,1807,3358,53.81
+10466,1736,3127,55.52
+10466,1727,3103,55.66
+10466,1665,2948,56.48
+10466,1650,2860,57.69
+10466,1606,2780,57.77
+10466,1550,2654,58.4
+10466,1482,2522,58.76
+10466,1393,2339,59.56
+"10466",1361,2284,59.59
+10466,1287,2171,59.28
+10466,1259,2112,59.61
+10466,1147,1938,59.18
+10466,1115,1868,59.69
+10466,970,1623,59.77
+10466,792,1373,57.68
+10466,737,1265,58.26
+10466,588,1013,58.05
+10466,548,950,57.68
+"10466",510,889,57.37
+"10466",362,666
