+11231,347,792,43.81
+11231,345,774,44.57
+11231,345,771,44.75
+11231,344,757,45.44
+"11231",846,393,46.45
+"11231",337,729,46.23
+11231,333,709,46.97
+11231,319,676,47.19
+11231,305,642,47.51
+11231,303,638,47.49
+11231,291,613,47.47
+11231,289,604,47.85
+11231,285,593,48.06
+11231,274,572,47.9
+11231,265,554,47.83
+11231,258,533,48.41
+"11231",254,524,48.47
+11231,247,513,48.15
+11231,241,504,47.82
+11231,227,478,47.49
+11231,223,469,47.55
+11231,217,443,48.98
+11231,197,413,47.7
+11231,191,394,48.48
+11231,169,351,48.15
+11231,161,330,48.79
+"11231",154,317,48.58
+"11231",127,271
