+11216,582,1351,43.08
+11216,574,1306,43.95
+11216,571,1272,44.89
+11216,556,1217,45.69
+"11216",1331,626,47.03
+"11216",543,1163,46.69
+11216,534,1106,48.28
+11216,522,1066,48.97
+11216,508,998,50.9
+11216,500,988,50.61
+11216,489,958,51.04
+11216,484,929,52.1
+11216,474,898,52.78
+11216,461,866,53.23
+11216,439,825,53.21
+11216,419,778,53.86
+"11216",408,760,53.68
+11216,384,725,52.97
+11216,376,709,53.03
+11216,347,664,52.26
+11216,341,640,53.28
+11216,318,596,53.36
+11216,285,549,51.91
+11216,278,525,52.95
+11216,240,445,53.93
+11216,222,422,52.61
+"11216",210,396,53.03
+"11216",162,316
