+11693,285,588,48.47
+11693,284,575,49.39
+11693,282,567,49.74
+11693,281,560,50.18
+"11693",615,316,51.38
+"11693",275,535,51.4
+11693,271,512,52.93
+11693,267,493,54.16
+11693,264,463,57.02
+11693,262,461,56.83
+11693,257,452,56.86
+11693,256,444,57.66
+11693,248,431,57.54
+11693,239,411,58.15
+11693,235,401,58.6
+11693,228,384,59.38
+"11693",220,369,59.62
+11693,205,347,59.08
+11693,197,334,58.98
+11693,185,312,59.29
+11693,184,302,60.93
+11693,167,274,60.95
+11693,154,254,60.63
+11693,147,242,60.74
+11693,131,214,61.21
+11693,120,198,60.61
+"11693",116,189,61.38
+"11693",86,144
