+11694,595,1241,47.95
+11694,583,1196,48.75
+11694,576,1175,49.02
+11694,569,1145,49.69
+"11694",1243,636,51.17
+"11694",551,1094,50.37
+11694,540,1051,51.38
+11694,503,995,50.55
+11694,484,886,54.63
+11694,475,872,54.47
+11694,465,841,55.29
+11694,458,823,55.65
+11694,450,797,56.46
+11694,430,751,57.26
+11694,419,728,57.55
+11694,405,690,58.7
+"11694",384,662,58.01
+11694,371,641,57.88
+11694,360,622,57.88
+11694,342,587,58.26
+11694,330,565,58.41
+11694,302,519,58.19
+11694,277,481,57.59
+11694,267,457,58.42
+11694,226,397,56.93
+11694,201,367,54.77
+"11694",188,349,53.87
+"11694",143,270
