+11366,345,705,48.94
+11366,343,688,49.85
+11366,340,664,51.2
+11366,336,652,51.53
+"11366",732,392,53.55
+"11366",330,636,51.89
+11366,324,617,52.51
+11366,318,601,52.91
+11366,311,573,54.28
+11366,306,566,54.06
+11366,302,550,54.91
+11366,298,538,55.39
+11366,296,530,55.85
+11366,286,511,55.97
+11366,278,482,57.68
+11366,266,463,57.45
+"11366",259,444,58.33
+11366,249,431,57.77
+11366,244,419,58.23
+11366,236,403,58.56
+11366,233,389,59.9
+11366,216,349,61.89
+11366,199,322,61.8
+11366,196,314,62.42
+11366,176,282,62.41
+11366,165,267,61.8
+"11366",152,248,61.29
+"11366",106,183
