+11355,1013,1941,52.19
+11355,1000,1898,52.69
+11355,985,1862,52.9
+11355,965,1801,53.58
+"11355",2029,1114,54.9
+"11355",935,1714,54.55
+11355,915,1622,56.41
+11355,866,1516,57.12
+11355,834,1408,59.23
+11355,822,1391,59.09
+11355,799,1341,59.58
+11355,777,1286,60.42
+11355,756,1239,61.02
+11355,717,1154,62.13
+11355,683,1091,62.6
+11355,657,1035,63.48
+"11355",639,1006,63.52
+11355,611,961,63.58
+11355,587,926,63.39
+11355,538,848,63.44
+11355,527,822,64.11
+11355,475,743,63.93
+11355,426,681,62.56
+11355,412,653,63.09
+11355,365,588,62.07
+11355,333,543,61.33
+"11355",308,496,62.1
+"11355",213,364
