+10010,226,805,28.07
+10010,226,785,28.79
+10010,225,763,29.49
+10010,224,733,30.56
+"10010",834,277,33.21
+"10010",216,695,31.08
+10010,215,665,32.33
+10010,210,633,33.18
+10010,204,594,34.34
+10010,203,591,34.35
+10010,202,570,35.44
+10010,201,561,35.83
+10010,200,557,35.91
+10010,195,536,36.38
+10010,190,520,36.54
+10010,188,506,37.15
+"10010",175,486,36.01
+10010,169,472,35.81
+10010,166,468,35.47
+10010,160,451,35.48
+10010,158,441,35.83
+10010,150,413,36.32
+10010,137,391,35.04
+10010,133,377,35.28
+10010,121,349,34.67
+10010,119,344,34.59
+"10010",118,336,35.12
+"10010",101,282
