+11201,520,1501,34.64
+11201,512,1463,35
+11201,509,1420,35.85
+11201,501,1378,36.36
+"11201",1579,627,39.71
+"11201",492,1326,37.1
+11201,484,1281,37.78
+11201,472,1235,38.22
+11201,464,1158,40.07
+11201,460,1149,40.03
+11201,450,1113,40.43
+11201,447,1101,40.6
+11201,438,1079,40.59
+11201,422,1038,40.66
+11201,418,1017,41.1
+11201,402,980,41.02
+"11201",387,932,41.52
+11201,380,908,41.85
+11201,373,894,41.72
+11201,353,863,40.9
+11201,344,840,40.95
+11201,321,793,40.48
+11201,293,737,39.76
+11201,285,700,40.71
+11201,259,601,43.09
+11201,249,578,43.08
+"11201",236,546,43.22
+"11201",204,479
