+11419,950,1831,51.88
+11419,932,1778,52.42
+11419,927,1734,53.46
+11419,901,1668,54.02
+"11419",1844,1048,56.83
+"11419",871,1587,54.88
+11419,850,1523,55.81
+11419,813,1439,56.5
+11419,770,1320,58.33
+11419,753,1296,58.1
+11419,732,1250,58.56
+11419,720,1190,60.5
+11419,687,1132,60.69
+11419,658,1057,62.25
+11419,629,1012,62.15
+11419,611,973,62.8
+"11419",600,953,62.96
+11419,565,904,62.5
+11419,542,858,63.17
+11419,495,792,62.5
+11419,483,765,63.14
+11419,443,699,63.38
+11419,398,642,61.99
+11419,386,615,62.76
+11419,318,529,60.11
+11419,290,495,58.59
+"11419",261,450,58
+"11419",182,334
