+NA,1520,1809,84.02
+NA,1454,1735,83.8
+NA,1443,1710,84.39
+NA,1907,2171,87.84
+NA,2464,2166,87.91
+NA,1829,2089,87.55
+NA,1805,2049,88.09
+NA,1806,2046,88.27
+NA,1840,2068,88.97
+NA,1845,2073,89
+NA,1842,2065,89.2
+NA,1864,2078,89.7
+NA,1844,2051,89.91
+NA,1816,2019,89.95
+NA,1779,1975,90.08
+NA,1772,1964,90.22
+NA,2033,2219,91.62
+NA,1851,2017,91.77
+NA,1934,2082,92.89
+NA,1363,1508,90.38
+NA,1362,1506,90.44
+NA,1330,1459,91.16
+99999,2,5,NA
+NA,4691,4811,97.51
+99999,0,3,NA
+NA,4735,4842,97.79
+NA,4712,4716,99.92
+NA,4530,4534,99.91
+NA,4473,4477,99.91
+NA,32,36
