+10464,113,332,34.04
+10464,114,328,34.76
+10464,114,318,35.85
+10464,113,317,35.65
+"10464",350,136,38.86
+"10464",112,301,37.21
+10464,110,296,37.16
+10464,109,292,37.33
+10464,105,273,38.46
+10464,103,269,38.29
+10464,96,255,37.65
+10464,95,247,38.46
+10464,94,244,38.52
+10464,94,237,39.66
+10464,93,233,39.91
+10464,80,206,38.83
+"10464",79,203,38.92
+10464,76,195,38.97
+10464,75,194,38.66
+10464,71,183,38.8
+10464,71,179,39.66
+10464,63,154,40.91
+10464,46,127,36.22
+10464,43,107,40.19
+10464,35,95,36.84
+10464,30,78,38.46
+"10464",30,72,41.67
+"10464",25,65
