+10026,532,1285,41.4
+10026,522,1252,41.69
+10026,515,1213,42.46
+10026,510,1186,43
+"10026",1315,584,44.41
+"10026",483,1080,44.72
+10026,466,1006,46.32
+10026,456,952,47.9
+10026,445,901,49.39
+10026,443,899,49.28
+10026,438,876,50
+10026,428,856,50
+10026,421,832,50.6
+10026,411,807,50.93
+10026,400,781,51.22
+10026,391,750,52.13
+"10026",334,650,51.38
+10026,314,618,50.81
+10026,308,605,50.91
+10026,279,562,49.64
+10026,274,548,50
+10026,255,514,49.61
+10026,231,470,49.15
+10026,220,449,49
+10026,197,413,47.7
+10026,188,395,47.59
+"10026",166,363,45.73
+"10026",126,300
