+11367,850,1870,45.45
+11367,836,1800,46.44
+11367,834,1765,47.25
+11367,827,1713,48.28
+"11367",1922,992,51.61
+"11367",803,1654,48.55
+11367,781,1580,49.43
+11367,763,1509,50.56
+11367,724,1391,52.05
+11367,712,1375,51.78
+11367,703,1318,53.34
+11367,694,1279,54.26
+11367,685,1231,55.65
+11367,667,1177,56.67
+11367,653,1139,57.33
+11367,636,1102,57.71
+"11367",619,1069,57.9
+11367,604,1040,58.08
+11367,591,1007,58.69
+11367,574,964,59.54
+11367,566,936,60.47
+11367,541,862,62.76
+11367,498,811,61.41
+11367,485,776,62.5
+11367,447,706,63.31
+11367,425,671,63.34
+"11367",403,631,63.87
+"11367",318,511
