+10451,1365,2718,50.22
+10451,1344,2636,50.99
+10451,1334,2555,52.21
+10451,1313,2490,52.73
+"10451",2687,1459,54.3
+"10451",1245,2339,53.23
+10451,1210,2212,54.7
+10451,1170,2097,55.79
+10451,1125,1961,57.37
+10451,1108,1938,57.17
+10451,1079,1880,57.39
+10451,1059,1826,58
+10451,1017,1743,58.35
+10451,981,1646,59.6
+10451,932,1559,59.78
+10451,887,1467,60.46
+"10451",855,1411,60.6
+10451,822,1361,60.4
+10451,788,1314,59.97
+10451,730,1232,59.25
+10451,709,1192,59.48
+10451,646,1087,59.43
+10451,498,900,55.33
+10451,476,849,56.07
+10451,392,701,55.92
+10451,370,665,55.64
+"10451",336,623,53.93
+"10451",337,585
