+10031,1007,1930,52.18
+10031,999,1883,53.05
+10031,994,1826,54.44
+10031,973,1756,55.41
+"10031",1938,1113,57.43
+"10031",918,1600,57.38
+10031,896,1522,58.87
+10031,871,1447,60.19
+10031,844,1359,62.1
+10031,841,1351,62.25
+10031,818,1307,62.59
+10031,807,1282,62.95
+10031,794,1258,63.12
+10031,779,1221,63.8
+10031,755,1172,64.42
+10031,726,1116,65.05
+"10031",660,1017,64.9
+10031,635,967,65.67
+10031,611,935,65.35
+10031,542,858,63.17
+10031,536,845,63.43
+10031,483,779,62
+10031,433,710,60.99
+10031,407,670,60.75
+10031,340,576,59.03
+10031,314,541,58.04
+"10031",288,498,57.83
+"10031",217,405
