+11212,1408,2891,48.7
+11212,1372,2773,49.48
+11212,1356,2663,50.92
+11212,1331,2570,51.79
+"11212",2780,1472,52.95
+"11212",1293,2406,53.74
+11212,1252,2247,55.72
+11212,1190,2080,57.21
+11212,1144,1952,58.61
+11212,1134,1927,58.85
+11212,1102,1852,59.5
+11212,1086,1793,60.57
+11212,1056,1721,61.36
+11212,1034,1648,62.74
+11212,990,1563,63.34
+11212,948,1475,64.27
+"11212",915,1410,64.89
+11212,863,1340,64.4
+11212,842,1302,64.67
+11212,780,1213,64.3
+11212,764,1171,65.24
+11212,698,1078,64.75
+11212,613,968,63.33
+11212,584,920,63.48
+11212,469,758,61.87
+11212,434,690,62.9
+"11212",395,632,62.5
+"11212",254,445
