+11239,419,861,48.66
+11239,412,821,50.18
+11239,407,795,51.19
+11239,402,768,52.34
+"11239",853,469,54.98
+"11239",388,732,53.01
+11239,380,702,54.13
+11239,367,670,54.78
+11239,357,626,57.03
+11239,354,622,56.91
+11239,342,593,57.67
+11239,339,578,58.65
+11239,337,568,59.33
+11239,324,539,60.11
+11239,309,511,60.47
+11239,293,470,62.34
+"11239",275,440,62.5
+11239,261,417,62.59
+11239,250,403,62.03
+11239,230,378,60.85
+11239,221,358,61.73
+11239,199,313,63.58
+11239,179,281,63.7
+11239,172,267,64.42
+11239,157,228,68.86
+11239,137,203,67.49
+"11239",128,187,68.45
+"11239",85,129
