+10463,1523,3549,42.91
+10463,1495,3468,43.11
+10463,1494,3429,43.57
+10463,1478,3353,44.08
+"10463",3611,1646,45.58
+"10463",1431,3180,45
+10463,1388,3046,45.57
+10463,1336,2900,46.07
+10463,1262,2675,47.18
+10463,1261,2674,47.16
+10463,1214,2549,47.63
+10463,1168,2451,47.65
+10463,1135,2352,48.26
+10463,1102,2269,48.57
+10463,1063,2167,49.05
+10463,1021,2056,49.66
+"10463",964,1965,49.06
+10463,926,1883,49.18
+10463,885,1810,48.9
+10463,815,1696,48.05
+10463,769,1613,47.68
+10463,681,1421,47.92
+10463,536,1219,43.97
+10463,486,1089,44.63
+10463,402,909,44.22
+10463,367,852,43.08
+"10463",327,780,41.92
+"10463",253,654
