+10034,563,1214,46.38
+10034,556,1188,46.8
+10034,551,1160,47.5
+10034,534,1115,47.89
+"10034",1240,613,49.44
+"10034",515,1032,49.9
+10034,506,988,51.21
+10034,487,920,52.93
+10034,461,862,53.48
+10034,458,851,53.82
+10034,445,823,54.07
+10034,439,797,55.08
+10034,433,780,55.51
+10034,420,745,56.38
+10034,399,709,56.28
+10034,383,676,56.66
+"10034",367,646,56.81
+10034,353,624,56.57
+10034,345,607,56.84
+10034,300,550,54.55
+10034,297,543,54.7
+10034,273,499,54.71
+10034,231,446,51.79
+10034,212,416,50.96
+10034,178,366,48.63
+10034,169,350,48.29
+"10034",152,325,46.77
+"10034",108,262
