+10468,2024,3812,53.1
+10468,1980,3702,53.48
+10468,1969,3612,54.51
+10468,1930,3495,55.22
+"10468",3775,2140,56.69
+"10468",1860,3321,56.01
+10468,1810,3164,57.21
+10468,1750,3006,58.22
+10468,1688,2800,60.29
+10468,1666,2756,60.45
+10468,1619,2619,61.82
+10468,1591,2530,62.89
+10468,1551,2437,63.64
+10468,1501,2320,64.7
+10468,1442,2206,65.37
+10468,1381,2083,66.3
+"10468",1343,2033,66.06
+10468,1280,1936,66.12
+10468,1224,1849,66.2
+10468,1126,1721,65.43
+10468,1096,1668,65.71
+10468,995,1488,66.87
+10468,810,1272,63.68
+10468,765,1174,65.16
+10468,625,939,66.56
+10468,585,879,66.55
+"10468",529,796,66.46
+"10468",397,624
