+10282,64,157,40.76
+10282,64,152,42.11
+10282,64,148,43.24
+10282,62,143,43.36
+"10282",190,101,53.16
+"10282",62,139,44.6
+10282,59,131,45.04
+10282,59,125,47.2
+10282,58,120,48.33
+10282,58,119,48.74
+10282,56,117,47.86
+10282,56,114,49.12
+10282,53,111,47.75
+10282,52,108,48.15
+10282,51,106,48.11
+"10282",50,99,50.51
+10282,48,94,51.06
+10282,44,90,48.89
+10282,41,85,48.24
+10282,41,82,50
+10282,37,76,48.68
+10282,36,67,53.73
+10282,36,65,55.38
+10282,32,61,52.46
+10282,30,58,51.72
+"10282",28,53,52.83
+"10282",21,42
