+10075,337,930,36.24
+10075,334,905,36.91
+10075,334,883,37.83
+10075,335,846,39.6
+"10075",1008,425,42.16
+"10075",328,800,41
+10075,324,777,41.7
+10075,321,752,42.69
+10075,314,712,44.1
+10075,309,706,43.77
+10075,305,680,44.85
+10075,302,667,45.28
+10075,300,654,45.87
+10075,299,646,46.28
+10075,294,631,46.59
+10075,287,604,47.52
+"10075",274,581,47.16
+10075,265,571,46.41
+10075,262,564,46.45
+10075,257,552,46.56
+10075,252,541,46.58
+10075,241,517,46.62
+10075,232,501,46.31
+10075,226,488,46.31
+10075,204,452,45.13
+10075,195,433,45.03
+"10075",188,417,45.08
+"10075",160,371
