+10009,597,1614,36.99
+10009,592,1576,37.56
+10009,587,1526,38.47
+10009,579,1473,39.31
+"10009",1606,660,41.1
+"10009",561,1377,40.74
+10009,553,1349,40.99
+10009,547,1312,41.69
+10009,530,1232,43.02
+10009,530,1230,43.09
+10009,522,1194,43.72
+10009,518,1180,43.9
+10009,501,1150,43.57
+10009,494,1107,44.63
+10009,480,1074,44.69
+10009,470,1041,45.15
+"10009",407,918,44.34
+10009,389,879,44.25
+10009,381,851,44.77
+10009,349,797,43.79
+10009,348,782,44.5
+10009,333,730,45.62
+10009,308,691,44.57
+10009,298,662,45.02
+10009,262,597,43.89
+10009,253,581,43.55
+"10009",236,548,43.07
+"10009",181,450
