+11203,1665,3216,51.77
+11203,1642,3123,52.58
+11203,1627,3032,53.66
+11203,1606,2951,54.42
+"11203",3229,1832,56.74
+"11203",1560,2814,55.44
+11203,1521,2698,56.38
+11203,1464,2532,57.82
+11203,1398,2336,59.85
+11203,1385,2314,59.85
+11203,1349,2221,60.74
+11203,1329,2138,62.16
+11203,1298,2058,63.07
+11203,1256,1956,64.21
+11203,1195,1843,64.84
+11203,1148,1743,65.86
+"11203",1085,1657,65.48
+11203,1034,1572,65.78
+11203,1001,1529,65.47
+11203,910,1411,64.49
+11203,881,1345,65.5
+11203,792,1210,65.45
+11203,676,1070,63.18
+11203,642,1017,63.13
+11203,553,870,63.56
+11203,499,790,63.16
+"11203",466,737,63.23
+"11203",343,546
