+11215,520,1464,35.52
+11215,506,1406,35.99
+11215,505,1361,37.11
+11215,500,1309,38.2
+"11215",1424,552,38.76
+"11215",487,1266,38.47
+11215,476,1212,39.27
+11215,468,1169,40.03
+11215,458,1101,41.6
+11215,453,1091,41.52
+11215,437,1045,41.82
+11215,432,1021,42.31
+11215,421,995,42.31
+11215,413,963,42.89
+11215,399,929,42.95
+11215,383,880,43.52
+"11215",373,845,44.14
+11215,359,811,44.27
+11215,350,797,43.91
+11215,321,754,42.57
+11215,319,740,43.11
+11215,307,706,43.48
+11215,276,654,42.2
+11215,265,619,42.81
+11215,239,559,42.75
+11215,217,524,41.41
+"11215",203,493,41.18
+"11215",178,437
