+11423,Hollis/Holliswood,Queens,1075,3355.06,32041.14,91,284.01,32.04,3355
+11423,Hollis/Holliswood,Queens,1074,3351.94,32041.14,91,284.01,31.98
+11423,Hollis/Holliswood,Queens,1072,3345.7,32041.14,91,284.01,32.41
+11423,Hollis/Holliswood,Queens,1072,3345.7,32041.14,91,284.01,32.73
+11423,Hollis/Holliswood,Queens,1069,3336.34,32041.14,91,284.01,32.98
+11423,Hollis/Holliswood,Queens,1064,3320.73,32041.14,91,284.01,33.23
+11423,Hollis/Holliswood,Queens,1062,3314.49,32041.14,91,284.01,34.16
+11423,Hollis/Holliswood,Queens,1062,3314.49,32041.14,90,280.89,34.16
+11423,Hollis/Holliswood,Queens,1060,3308.25,32041.14,90,280.89,34.43
+11423,Jamaica,Queens,1060,3308.25,32041.14,90,280.89,34.61
+11423,Jamaica,Queens,1056,3295.76,32041.14,89,277.77,34.87
+11423,Jamaica,Queens,1049,3273.92,32041.14,89,277.77,35.64
+11423,Jamaica,Queens,1048,3270.79,32041.14,89,277.77,36.07
+11423,Jamaica,Queens,1045,3261.43,32041.14,87,271.53,36.99
+11423,Jamaica,Queens,1042,3252.07,32041.14,87,271.53,37.41
+11423,Jamaica,Queens,1040,3245.83,32041.14,86,268.4,37.76
+11423,Jamaica,Queens,1039,3242.71,32041.14,85,265.28,38.3
+11423,Jamaica,Queens,1037,3236.46,32041.14,85,265.28,39.12
+11423,Jamaica,Queens,1033,3223.98,32041.14,84,262.16,40.09
+11423,Jamaica,Queens,1029,3211.5,32041.14,83,259.04,40.09
+11423,Jamaica,Queens,1024,3195.89,32041.14,83,259.04,40.57
+11423,Jamaica,Queens,1016,3170.92,32041.14,83,259.04,41.08
+11423,Jamaica,Queens,1014,3164.68,32041.14,82,255.92,41.72
