+10023,486,1506,32.27
+10023,482,1476,32.66
+10023,481,1428,33.68
+10023,474,1383,34.27
+"10023",1567,561,35.8
+"10023",463,1323,35
+10023,461,1280,36.02
+10023,449,1226,36.62
+10023,441,1159,38.05
+10023,439,1152,38.11
+10023,434,1120,38.75
+10023,433,1105,39.19
+10023,427,1087,39.28
+10023,421,1054,39.94
+10023,416,1023,40.66
+10023,406,989,41.05
+"10023",368,900,40.89
+10023,350,871,40.18
+10023,341,857,39.79
+10023,315,809,38.94
+10023,312,799,39.05
+10023,289,753,38.38
+10023,275,723,38.04
+10023,269,695,38.71
+10023,251,642,39.1
+10023,245,621,39.45
+"10023",231,583,39.62
+"10023",190,503
