+10069,46,152,30.26
+10069,46,143,32.17
+10069,46,141,32.62
+10069,46,139,33.09
+"10069",154,56,36.36
+"10069",46,137,33.58
+10069,46,134,34.33
+10069,46,128,35.94
+10069,45,119,37.82
+10069,44,115,38.26
+10069,44,114,38.6
+10069,43,112,38.39
+10069,42,108,38.89
+10069,40,105,38.1
+10069,38,100,38
+"10069",37,96,38.54
+10069,35,94,37.23
+10069,35,93,37.63
+10069,34,89,38.2
+10069,34,87,39.08
+10069,33,83,39.76
+10069,32,81,39.51
+10069,29,72,40.28
+10069,29,70,41.43
+"10069",29,69,42.03
+"10069",24,57
