+10013,210,615,34.15
+10013,207,596,34.73
+10013,207,579,35.75
+10013,201,553,36.35
+"10013",631,245,38.83
+"10013",194,517,37.52
+10013,193,499,38.68
+10013,187,470,39.79
+10013,181,440,41.14
+10013,180,439,41
+10013,179,431,41.53
+10013,179,426,42.02
+10013,177,417,42.45
+10013,173,405,42.72
+10013,170,397,42.82
+10013,167,385,43.38
+"10013",166,374,44.39
+10013,162,365,44.38
+10013,161,362,44.48
+10013,151,347,43.52
+10013,149,341,43.7
+10013,140,322,43.48
+10013,135,310,43.55
+10013,131,301,43.52
+10013,124,282,43.97
+10013,122,271,45.02
+"10013",120,265,45.28
+"10013",122,255
