+11104,397,868,45.74
+11104,390,843,46.26
+11104,386,824,46.84
+11104,380,796,47.74
+"11104",859,432,50.29
+"11104",369,757,48.75
+11104,358,716,50
+11104,345,677,50.96
+11104,333,635,52.44
+11104,330,626,52.72
+11104,321,600,53.5
+11104,316,588,53.74
+11104,312,569,54.83
+11104,307,544,56.43
+11104,294,510,57.65
+11104,285,478,59.62
+"11104",279,465,60
+11104,271,447,60.63
+11104,264,429,61.54
+11104,252,413,61.02
+11104,243,399,60.9
+11104,219,367,59.67
+11104,186,324,57.41
+11104,178,308,57.79
+11104,160,277,57.76
+11104,152,259,58.69
+"11104",136,234,58.12
+"11104",85,155
