+11370,1175,2191,53.63
+11370,1164,2150,54.14
+11370,1161,2114,54.92
+11370,1144,2071,55.24
+"11370",2301,1315,57.15
+"11370",1114,1992,55.92
+11370,1099,1915,57.39
+11370,1080,1857,58.16
+11370,1050,1768,59.39
+11370,1037,1748,59.32
+11370,1012,1700,59.53
+11370,998,1670,59.76
+11370,974,1610,60.5
+11370,962,1561,61.63
+11370,927,1495,62.01
+11370,896,1432,62.57
+"11370",883,1416,62.36
+11370,847,1365,62.05
+11370,833,1348,61.8
+11370,811,1312,61.81
+11370,797,1286,61.98
+11370,731,1211,60.36
+11370,654,1123,58.24
+11370,633,1089,58.13
+11370,573,1007,56.9
+11370,540,970,55.67
+"11370",510,932,54.72
+"11370",378,777
