+10022,285,928,30.71
+10022,282,905,31.16
+10022,280,868,32.26
+10022,280,840,33.33
+"10022",1000,366,36.6
+"10022",272,806,33.75
+10022,268,777,34.49
+10022,260,732,35.52
+10022,254,699,36.34
+10022,254,698,36.39
+10022,251,680,36.91
+10022,250,668,37.43
+10022,247,663,37.25
+10022,243,647,37.56
+10022,238,623,38.2
+10022,236,608,38.82
+"10022",231,584,39.55
+10022,222,567,39.15
+10022,219,562,38.97
+10022,206,542,38.01
+10022,202,528,38.26
+10022,187,490,38.16
+10022,182,474,38.4
+10022,174,461,37.74
+10022,159,422,37.68
+10022,157,417,37.65
+"10022",148,400,37
+"10022",123,339
