+11378,Maspeth,Queens,740,2139.13,34593.45,65,187.9,23.31,3174
+11378,Maspeth,Queens,738,2133.35,34593.45,65,187.9,23.13
+11378,Maspeth,Queens,735,2124.68,34593.45,65,187.9,23.61
+11378,Maspeth,Queens,734,2121.79,34593.45,65,187.9,23.87
+11378,Maspeth,Queens,732,2116.01,34593.45,65,187.9,24.05
+11378,Maspeth,Queens,729,2107.34,34593.45,65,187.9,24.34
+11378,Maspeth,Queens,728,2104.44,34593.45,65,187.9,25.74
+11378,Maspeth,Queens,725,2095.77,34593.45,64,185.01,25.74
+11378,Maspeth,Queens,722,2087.1,34593.45,64,185.01,26
+11378,West Queens,Queens,722,2087.1,34593.45,64,185.01,26.16
+11378,West Queens,Queens,720,2081.32,34593.45,64,185.01,26.47
+11378,West Queens,Queens,714,2063.97,34593.45,64,185.01,28.21
+11378,West Queens,Queens,712,2058.19,34593.45,63,182.12,28.79
+11378,West Queens,Queens,710,2052.41,34593.45,63,182.12,29.9
+11378,West Queens,Queens,709,2049.52,34593.45,63,182.12,30.14
+11378,West Queens,Queens,709,2049.52,34593.45,63,182.12,30.43
+11378,West Queens,Queens,710,2052.41,34593.45,63,182.12,31.04
+11378,West Queens,Queens,708,2046.63,34593.45,63,182.12,31.54
+11378,West Queens,Queens,705,2037.96,34593.45,62,179.22,32.18
+11378,West Queens,Queens,704,2035.07,34593.45,61,176.33,32.18
+11378,West Queens,Queens,704,2035.07,34593.45,61,176.33,32.96
+11378,West Queens,Queens,704,2035.07,34593.45,61,176.33,33.27
+11378,West Queens,Queens,704,2035.07,34593.45,61,176.33,34.55
