+10014,256,691,37.05
+10014,252,673,37.44
+10014,252,655,38.47
+10014,251,639,39.28
+"10014",730,307,42.05
+"10014",247,624,39.58
+10014,244,601,40.6
+10014,240,567,42.33
+10014,238,548,43.43
+10014,236,543,43.46
+10014,235,533,44.09
+10014,233,529,44.05
+10014,233,517,45.07
+10014,230,509,45.19
+10014,229,497,46.08
+10014,223,485,45.98
+"10014",216,472,45.76
+10014,213,463,46
+10014,212,457,46.39
+10014,207,443,46.73
+10014,205,439,46.7
+10014,198,424,46.7
+10014,189,403,46.9
+10014,186,391,47.57
+10014,178,373,47.72
+10014,168,357,47.06
+"10014",163,347,46.97
+"10014",140,305
