+11372,Jackson Heights,Queens,2517,4023.15,62562.88,232,370.83,31.56,7976
+11372,Jackson Heights,Queens,2513,4016.76,62562.88,231,369.23,31.42
+11372,Jackson Heights,Queens,2505,4003.97,62562.88,231,369.23,32.12
+11372,Jackson Heights,Queens,2501,3997.58,62562.88,231,369.23,32.57
+11372,Jackson Heights,Queens,2494,3986.39,62562.88,231,369.23,33.11
+11372,Jackson Heights,Queens,2490,3980,62562.88,231,369.23,33.74
+11372,Jackson Heights,Queens,2488,3976.8,62562.88,230,367.63,35.99
+11372,Jackson Heights,Queens,2467,3943.23,62562.88,230,367.63,35.99
+11372,Jackson Heights,Queens,2467,3943.23,62562.88,230,367.63,36.62
+11372,West Queens,Queens,2464,3938.44,62562.88,229,366.03,37.01
+11372,West Queens,Queens,2458,3928.85,62562.88,229,366.03,37.56
+11372,West Queens,Queens,2446,3909.67,62562.88,229,366.03,39.13
+11372,West Queens,Queens,2438,3896.88,62562.88,227,362.83,39.7
+11372,West Queens,Queens,2427,3879.3,62562.88,227,362.83,41.1
+11372,West Queens,Queens,2421,3869.71,62562.88,227,362.83,41.57
+11372,West Queens,Queens,2420,3868.11,62562.88,227,362.83,41.93
+11372,West Queens,Queens,2414,3858.52,62562.88,227,362.83,42.59
+11372,West Queens,Queens,2409,3850.53,62562.88,226,361.24,43.28
+11372,West Queens,Queens,2408,3848.93,62562.88,225,359.64,43.96
+11372,West Queens,Queens,2402,3839.34,62562.88,221,353.24,43.96
+11372,West Queens,Queens,2399,3834.54,62562.88,218,348.45,44.96
+11372,West Queens,Queens,2385,3812.16,62562.88,218,348.45,45.46
+11372,West Queens,Queens,2379,3802.57,62562.88,218,348.45,46.26
