+11416,553,1019,54.27
+11416,544,993,54.78
+11416,544,988,55.06
+11416,535,953,56.14
+"11416",1027,602,58.62
+"11416",510,886,57.56
+11416,485,840,57.74
+11416,461,788,58.5
+11416,440,745,59.06
+11416,438,742,59.03
+11416,425,710,59.86
+11416,412,680,60.59
+11416,398,646,61.61
+11416,387,616,62.82
+11416,375,587,63.88
+11416,359,552,65.04
+"11416",347,530,65.47
+11416,331,508,65.16
+11416,317,489,64.83
+11416,302,471,64.12
+11416,286,446,64.13
+11416,267,414,64.49
+11416,238,371,64.15
+11416,233,358,65.08
+11416,204,311,65.59
+11416,183,280,65.36
+"11416",161,248,64.92
+"11416",117,185
