+11412,St. Albans,Queens,1234,3136.21,39346.92,75,190.61,31.67,3897
+11412,St. Albans,Queens,1234,3136.21,39346.92,75,190.61,31.64
+11412,St. Albans,Queens,1234,3136.21,39346.92,75,190.61,31.96
+11412,St. Albans,Queens,1233,3133.66,39346.92,75,190.61,32.25
+11412,St. Albans,Queens,1230,3126.04,39346.92,75,190.61,32.54
+11412,St. Albans,Queens,1227,3118.41,39346.92,75,190.61,33.08
+11412,St. Albans,Queens,1226,3115.87,39346.92,75,190.61,33.91
+11412,St. Albans,Queens,1222,3105.71,39346.92,75,190.61,33.91
+11412,St. Albans,Queens,1220,3100.62,39346.92,75,190.61,34.08
+11412,Jamaica,Queens,1220,3100.62,39346.92,74,188.07,34.35
+11412,Jamaica,Queens,1216,3090.46,39346.92,74,188.07,34.59
+11412,Jamaica,Queens,1212,3080.29,39346.92,74,188.07,35.37
+11412,Jamaica,Queens,1207,3067.58,39346.92,74,188.07,36.13
+11412,Jamaica,Queens,1205,3062.5,39346.92,74,188.07,36.92
+11412,Jamaica,Queens,1201,3052.34,39346.92,73,185.53,37.34
+11412,Jamaica,Queens,1195,3037.09,39346.92,73,185.53,37.62
+11412,Jamaica,Queens,1193,3032,39346.92,73,185.53,38.1
+11412,Jamaica,Queens,1190,3024.38,39346.92,73,185.53,39
+11412,Jamaica,Queens,1186,3014.21,39346.92,72,182.99,39.65
+11412,Jamaica,Queens,1185,3011.67,39346.92,72,182.99,39.65
+11412,Jamaica,Queens,1185,3011.67,39346.92,72,182.99,40.32
+11412,Jamaica,Queens,1182,3004.05,39346.92,72,182.99,40.76
+11412,Jamaica,Queens,1181,3001.51,39346.92,72,182.99,41.61
