+11221,1027,2119,48.47
+11221,1011,2040,49.56
+11221,1003,1978,50.71
+11221,984,1904,51.68
+"11221",2084,1128,54.13
+"11221",938,1782,52.64
+11221,920,1716,53.61
+11221,878,1635,53.7
+11221,843,1519,55.5
+11221,832,1501,55.43
+11221,816,1449,56.31
+11221,801,1410,56.81
+11221,788,1375,57.31
+11221,773,1328,58.21
+11221,740,1261,58.68
+11221,698,1169,59.71
+"11221",683,1139,59.96
+11221,652,1083,60.2
+11221,641,1061,60.41
+11221,593,983,60.33
+11221,586,963,60.85
+11221,538,890,60.45
+11221,477,809,58.96
+11221,462,779,59.31
+11221,384,644,59.63
+11221,358,602,59.47
+"11221",335,566,59.19
+"11221",260,455
