+10301,984,2254,43.66
+10301,972,2203,44.12
+10301,963,2163,44.52
+10301,955,2127,44.9
+"10301",2319,1083,46.7
+"10301",933,2035,45.85
+10301,914,1952,46.82
+10301,879,1863,47.18
+10301,854,1751,48.77
+10301,848,1736,48.85
+10301,822,1656,49.64
+10301,806,1588,50.76
+10301,761,1505,50.56
+10301,739,1418,52.12
+10301,716,1352,52.96
+10301,678,1256,53.98
+"10301",660,1224,53.92
+10301,627,1176,53.32
+10301,593,1133,52.34
+10301,538,1037,51.88
+10301,524,999,52.45
+10301,457,848,53.89
+10301,357,696,51.29
+10301,324,592,54.73
+10301,278,501,55.49
+10301,253,459,55.12
+"10301",235,423,55.56
+"10301",175,333
