+10310,628,1575,39.87
+10310,614,1542,39.82
+10310,609,1498,40.65
+10310,600,1460,41.1
+"10310",1577,680,43.12
+"10310",587,1419,41.37
+10310,575,1368,42.03
+10310,557,1314,42.39
+10310,541,1245,43.45
+10310,534,1232,43.34
+10310,520,1177,44.18
+10310,506,1136,44.54
+10310,478,1073,44.55
+10310,464,1016,45.67
+10310,452,967,46.74
+10310,425,899,47.27
+"10310",413,876,47.15
+10310,397,847,46.87
+10310,383,815,46.99
+10310,355,752,47.21
+10310,341,721,47.3
+10310,294,620,47.42
+10310,217,492,44.11
+10310,206,429,48.02
+10310,161,336,47.92
+10310,142,300,47.33
+"10310",129,269,47.96
+"10310",97,218
