+11224,882,1730,50.98
+11224,872,1689,51.63
+11224,860,1643,52.34
+11224,840,1582,53.1
+"11224",1741,936,53.76
+"11224",800,1482,53.98
+11224,782,1419,55.11
+11224,748,1350,55.41
+11224,715,1271,56.25
+11224,695,1248,55.69
+11224,673,1187,56.7
+11224,657,1147,57.28
+11224,643,1116,57.62
+11224,622,1063,58.51
+11224,588,1004,58.57
+11224,551,923,59.7
+"11224",528,881,59.93
+11224,498,834,59.71
+11224,485,811,59.8
+11224,443,760,58.29
+11224,434,735,59.05
+11224,387,662,58.46
+11224,314,569,55.18
+11224,296,534,55.43
+11224,235,446,52.69
+11224,210,412,50.97
+"11224",195,392,49.74
+"11224",133,304
