+11235,1645,3332,49.37
+11235,1613,3244,49.72
+11235,1585,3105,51.05
+11235,1545,3008,51.36
+"11235",3351,1780,53.12
+"11235",1493,2876,51.91
+11235,1455,2750,52.91
+11235,1413,2622,53.89
+11235,1362,2465,55.25
+11235,1343,2429,55.29
+11235,1315,2360,55.72
+11235,1293,2304,56.12
+11235,1258,2231,56.39
+11235,1206,2118,56.94
+11235,1138,1991,57.16
+11235,1056,1847,57.17
+"11235",992,1746,56.82
+11235,954,1670,57.13
+11235,911,1601,56.9
+11235,843,1513,55.72
+11235,824,1470,56.05
+11235,757,1359,55.7
+11235,630,1193,52.81
+11235,588,1111,52.93
+11235,487,967,50.36
+11235,459,908,50.55
+"11235",421,841,50.06
+"11235",348,684
