+11360,276,708,38.98
+11360,274,682,40.18
+11360,270,660,40.91
+11360,269,652,41.26
+"11360",707,312,44.13
+"11360",260,617,42.14
+11360,247,585,42.22
+11360,234,552,42.39
+11360,220,514,42.8
+11360,215,502,42.83
+11360,212,483,43.89
+11360,209,468,44.66
+11360,206,454,45.37
+11360,200,431,46.4
+11360,198,421,47.03
+11360,190,395,48.1
+"11360",184,381,48.29
+11360,177,370,47.84
+11360,173,358,48.32
+11360,153,333,45.95
+11360,147,321,45.79
+11360,138,304,45.39
+11360,123,283,43.46
+11360,118,265,44.53
+11360,97,230,42.17
+11360,94,220,42.73
+"11360",86,197,43.65
+"11360",59,153
