+10011,452,1171,38.6
+10011,451,1142,39.49
+10011,450,1109,40.58
+10011,449,1079,41.61
+"10011",1268,563,44.4
+"10011",427,1025,41.66
+10011,422,983,42.93
+10011,411,942,43.63
+10011,404,894,45.19
+10011,403,892,45.18
+10011,398,872,45.64
+10011,394,852,46.24
+10011,390,834,46.76
+10011,384,817,47
+10011,380,798,47.62
+10011,375,787,47.65
+"10011",365,755,48.34
+10011,359,742,48.38
+10011,355,731,48.56
+10011,342,704,48.58
+10011,341,695,49.06
+10011,329,678,48.53
+10011,316,660,47.88
+10011,308,640,48.12
+10011,278,596,46.64
+10011,267,576,46.35
+"10011",255,549,46.45
+"10011",222,487
