+11219,Borough Park,Brooklyn,3051,3285.66,92858.07,213,229.38,21.95,13898
+11219,Borough Park,Brooklyn,3047,3281.35,92858.07,213,229.38,21.92
+11219,Borough Park,Brooklyn,3043,3277.04,92858.07,213,229.38,22.01
+11219,Borough Park,Brooklyn,3035,3268.43,92858.07,212,228.31,22.17
+11219,Borough Park,Brooklyn,3028,3260.89,92858.07,211,227.23,22.35
+11219,Borough Park,Brooklyn,3025,3257.66,92858.07,210,226.15,22.52
+11219,Borough Park,Brooklyn,3019,3251.2,92858.07,209,225.07,22.97
+11219,Borough Park,Brooklyn,3011,3242.58,92858.07,208,224,22.97
+11219,Borough Park,Brooklyn,3007,3238.28,92858.07,208,224,23.06
+11219,Borough Park,Brooklyn,3000,3230.74,92858.07,208,224,23.18
+11219,Borough Park,Brooklyn,2990,3219.97,92858.07,208,224,23.21
+11219,Borough Park,Brooklyn,2984,3213.51,92858.07,208,224,23.71
+11219,Borough Park,Brooklyn,2970,3198.43,92858.07,208,224,23.97
+11219,Borough Park,Brooklyn,2953,3180.12,92858.07,207,222.92,24.4
+11219,Borough Park,Brooklyn,2945,3171.51,92858.07,206,221.84,24.57
+11219,Borough Park,Brooklyn,2940,3166.12,92858.07,205,220.77,24.83
+11219,Borough Park,Brooklyn,2934,3159.66,92858.07,205,220.77,25.26
+11219,Borough Park,Brooklyn,2923,3147.81,92858.07,205,220.77,25.8
+11219,Borough Park,Brooklyn,2906,3129.51,92858.07,204,219.69,26.02
+11219,Borough Park,Brooklyn,2878,3099.35,92858.07,204,219.69,26.02
+11219,Borough Park,Brooklyn,2862,3082.12,92858.07,202,217.54,26.98
+11219,Borough Park,Brooklyn,2848,3067.05,92858.07,202,217.54,27.73
+11219,Borough Park,Brooklyn,2836,3054.12,92858.07,202,217.54,28.51
