+11217,459,1031,44.52
+11217,456,1000,45.6
+11217,453,961,47.14
+11217,446,939,47.5
+"11217",1033,507,49.08
+"11217",431,898,48
+11217,427,875,48.8
+11217,421,853,49.36
+11217,413,812,50.86
+11217,411,807,50.93
+11217,398,770,51.69
+11217,397,762,52.1
+11217,385,738,52.17
+11217,381,722,52.77
+11217,367,692,53.03
+11217,357,662,53.93
+"11217",344,640,53.75
+11217,331,621,53.3
+11217,316,599,52.75
+11217,281,546,51.47
+11217,279,539,51.76
+11217,258,508,50.79
+11217,239,478,50
+11217,228,447,51.01
+11217,196,369,53.12
+11217,177,340,52.06
+"11217",161,321,50.16
+"11217",130,269
