+11238,634,1399,45.32
+11238,622,1338,46.49
+11238,616,1297,47.49
+11238,609,1258,48.41
+"11238",1387,697,50.25
+"11238",594,1193,49.79
+11238,586,1141,51.36
+11238,571,1094,52.19
+11238,552,1026,53.8
+11238,547,1018,53.73
+11238,535,983,54.43
+11238,529,968,54.65
+11238,517,941,54.94
+11238,509,911,55.87
+11238,491,874,56.18
+11238,476,838,56.8
+"11238",466,810,57.53
+11238,454,787,57.69
+11238,448,778,57.58
+11238,412,732,56.28
+11238,407,716,56.84
+11238,381,677,56.28
+11238,350,636,55.03
+11238,339,611,55.48
+11238,283,514,55.06
+11238,272,496,54.84
+"11238",253,465,54.41
+"11238",183,350
