+10035,East Harlem,Manhattan,950,2759.49,34426.65,114,331.14,24.01,3956
+10035,East Harlem,Manhattan,950,2759.49,34426.65,114,331.14,24.01
+10035,East Harlem,Manhattan,948,2753.68,34426.65,114,331.14,24.2
+10035,East Harlem,Manhattan,947,2750.78,34426.65,113,328.23,24.57
+10035,East Harlem,Manhattan,942,2736.25,34426.65,113,328.23,25.21
+10035,East Harlem,Manhattan,939,2727.54,34426.65,112,325.33,25.79
+10035,East Harlem,Manhattan,936,2718.82,34426.65,112,325.33,27.09
+10035,East Harlem,Manhattan,933,2710.11,34426.65,112,325.33,27.09
+10035,East Harlem,Manhattan,933,2710.11,34426.65,112,325.33,27.21
+10035,East Harlem,Manhattan,933,2710.11,34426.65,112,325.33,27.75
+10035,East Harlem,Manhattan,929,2698.49,34426.65,112,325.33,28.13
+10035,East Harlem,Manhattan,926,2689.78,34426.65,110,319.52,29.11
+10035,East Harlem,Manhattan,923,2681.06,34426.65,110,319.52,29.5
+10035,East Harlem,Manhattan,923,2681.06,34426.65,109,316.62,30.4
+10035,East Harlem,Manhattan,922,2678.16,34426.65,108,313.71,30.8
+10035,East Harlem,Manhattan,921,2675.25,34426.65,108,313.71,30.94
+10035,East Harlem,Manhattan,920,2672.35,34426.65,108,313.71,31.43
+10035,East Harlem,Manhattan,918,2666.54,34426.65,106,307.9,31.89
+10035,East Harlem,Manhattan,917,2663.63,34426.65,105,305,32.34
+10035,East Harlem,Manhattan,913,2652.02,34426.65,104,302.09,32.34
+10035,East Harlem,Manhattan,911,2646.21,34426.65,103,299.19,33.21
+10035,East Harlem,Manhattan,906,2631.68,34426.65,102,296.28,33.41
+10035,East Harlem,Manhattan,901,2617.16,34426.65,101,293.38,34.75
