+11697,Breezy Point,Queens,108,3053.7,3536.69,3,84.83,9.43,1145
+11697,Breezy Point,Queens,108,3053.7,3536.69,3,84.83,9.43
+11697,Breezy Point,Queens,108,3053.7,3536.69,3,84.83,9.49
+11697,Breezy Point,Queens,108,3053.7,3536.69,3,84.83,9.51
+11697,Breezy Point,Queens,108,3053.7,3536.69,3,84.83,9.56
+11697,Breezy Point,Queens,108,3053.7,3536.69,3,84.83,9.61
+11697,Breezy Point,Queens,107,3025.43,3536.69,3,84.83,9.67
+11697,Breezy Point,Queens,107,3025.43,3536.69,3,84.83,9.7
+11697,Rockaway,Queens,107,3025.43,3536.69,3,84.83,9.72
+11697,Rockaway,Queens,107,3025.43,3536.69,3,84.83,10.75
+11697,Rockaway,Queens,106,2997.15,3536.69,3,84.83,11.21
+11697,Rockaway,Queens,106,2997.15,3536.69,3,84.83,12.2
+11697,Rockaway,Queens,104,2940.6,3536.69,2,56.55,13.15
+11697,Rockaway,Queens,104,2940.6,3536.69,2,56.55,13.25
+11697,Rockaway,Queens,104,2940.6,3536.69,2,56.55,13.32
+11697,Rockaway,Queens,104,2940.6,3536.69,2,56.55,13.22
+11697,Rockaway,Queens,101,2855.78,3536.69,2,56.55,14.05
+11697,Rockaway,Queens,100,2827.5,3536.69,2,56.55,15.02
+11697,Rockaway,Queens,96,2714.4,3536.69,2,56.55,15.02
+11697,Rockaway,Queens,95,2686.13,3536.69,2,56.55,16.3
+11697,Rockaway,Queens,95,2686.13,3536.69,2,56.55,17.03
+11697,Rockaway,Queens,94,2657.85,3536.69,2,56.55,17.57
