+11362,266,645,41.24
+11362,263,629,41.81
+11362,261,618,42.23
+11362,257,600,42.83
+"11362",678,306,45.13
+"11362",248,564,43.97
+11362,240,547,43.88
+11362,231,526,43.92
+11362,222,495,44.85
+11362,220,490,44.9
+11362,204,463,44.06
+11362,202,448,45.09
+11362,199,431,46.17
+11362,197,419,47.02
+11362,190,398,47.74
+11362,186,380,48.95
+"11362",183,371,49.33
+11362,173,350,49.43
+11362,167,339,49.26
+11362,158,323,48.92
+11362,148,310,47.74
+11362,141,286,49.3
+11362,127,266,47.74
+11362,124,257,48.25
+11362,91,211,43.13
+11362,88,202,43.56
+"11362",88,193,45.6
+"11362",64,143
