+11218,Kensington/Windsor Terrace,Brooklyn,1726,2276.85,75806.47,132,174.13,24.36,7085
+11218,Kensington/Windsor Terrace,Brooklyn,1723,2272.89,75806.47,132,174.13,24.29
+11218,Kensington/Windsor Terrace,Brooklyn,1721,2270.25,75806.47,132,174.13,24.6
+11218,Kensington/Windsor Terrace,Brooklyn,1714,2261.02,75806.47,131,172.81,25.04
+11218,Kensington/Windsor Terrace,Brooklyn,1710,2255.74,75806.47,131,172.81,25.42
+11218,Kensington/Windsor Terrace,Brooklyn,1704,2247.83,75806.47,131,172.81,25.81
+11218,Kensington/Windsor Terrace,Brooklyn,1697,2238.6,75806.47,131,172.81,26.72
+11218,Kensington/Windsor Terrace,Brooklyn,1683,2220.13,75806.47,131,172.81,26.72
+11218,Kensington/Windsor Terrace,Brooklyn,1676,2210.89,75806.47,129,170.17,26.84
+11218,Borough Park,Brooklyn,1672,2205.62,75806.47,127,167.53,27
+11218,Borough Park,Brooklyn,1664,2195.06,75806.47,127,167.53,27.24
+11218,Borough Park,Brooklyn,1660,2189.79,75806.47,125,164.89,28.34
+11218,Borough Park,Brooklyn,1655,2183.19,75806.47,124,163.57,28.65
+11218,Borough Park,Brooklyn,1651,2177.91,75806.47,123,162.26,29.63
+11218,Borough Park,Brooklyn,1648,2173.96,75806.47,123,162.26,30.05
+11218,Borough Park,Brooklyn,1645,2170,75806.47,122,160.94,30.68
+11218,Borough Park,Brooklyn,1640,2163.4,75806.47,122,160.94,31.25
+11218,Borough Park,Brooklyn,1636,2158.13,75806.47,121,159.62,32.32
+11218,Borough Park,Brooklyn,1633,2154.17,75806.47,120,158.3,32.9
+11218,Borough Park,Brooklyn,1628,2147.57,75806.47,120,158.3,32.9
+11218,Borough Park,Brooklyn,1628,2147.57,75806.47,119,156.98,33.96
+11218,Borough Park,Brooklyn,1626,2144.94,75806.47,119,156.98,34.65
+11218,Borough Park,Brooklyn,1617,2133.06,75806.47,119,156.98,35.72
