+11427,671,1285,52.22
+11427,665,1259,52.82
+11427,658,1223,53.8
+11427,649,1198,54.17
+"11427",1349,770,57.08
+"11427",635,1149,55.27
+11427,618,1109,55.73
+11427,587,1055,55.64
+11427,570,995,57.29
+11427,566,988,57.29
+11427,550,954,57.65
+11427,541,925,58.49
+11427,525,898,58.46
+11427,514,870,59.08
+11427,502,845,59.41
+11427,483,806,59.93
+"11427",475,787,60.36
+11427,456,757,60.24
+11427,440,726,60.61
+11427,407,669,60.84
+11427,395,647,61.05
+11427,367,596,61.58
+11427,334,549,60.84
+11427,323,529,61.06
+11427,272,459,59.26
+11427,258,439,58.77
+"11427",233,400,58.25
+"11427",181,323
