+11109,45,167,26.95
+11109,44,159,27.67
+11109,44,157,28.03
+11109,44,152,28.95
+"11109",174,55,31.61
+"11109",43,149,28.86
+11109,42,142,29.58
+11109,41,136,30.15
+11109,41,129,31.78
+11109,41,125,32.8
+11109,40,122,32.79
+11109,41,119,34.45
+11109,40,113,35.4
+11109,40,112,35.71
+"11109",38,106,35.85
+11109,37,104,35.58
+11109,37,103,35.92
+11109,35,98,35.71
+11109,35,95,36.84
+11109,30,87,34.48
+11109,30,82,36.59
+11109,29,80,36.25
+11109,25,73,34.25
+11109,24,70,34.29
+"11109",23,68,33.82
+"11109",13,45
