+11692,481,928,51.83
+11692,480,905,53.04
+11692,478,878,54.44
+11692,473,860,55
+"11692",924,523,56.6
+"11692",457,815,56.07
+11692,446,777,57.4
+11692,424,724,58.56
+11692,408,682,59.82
+11692,399,670,59.55
+11692,394,652,60.43
+11692,392,644,60.87
+11692,376,617,60.94
+11692,368,592,62.16
+11692,352,567,62.08
+11692,343,540,63.52
+"11692",332,521,63.72
+11692,310,493,62.88
+11692,297,471,63.06
+11692,277,437,63.39
+11692,267,417,64.03
+11692,246,379,64.91
+11692,226,350,64.57
+11692,214,332,64.46
+11692,182,289,62.98
+11692,169,267,63.3
+"11692",155,246,63.01
+"11692",110,184
