+11354,906,1765,51.33
+11354,885,1695,52.21
+11354,873,1654,52.78
+11354,864,1604,53.87
+"11354",1775,981,55.27
+"11354",838,1516,55.28
+11354,802,1428,56.16
+11354,766,1351,56.7
+11354,733,1241,59.07
+11354,714,1211,58.96
+11354,692,1157,59.81
+11354,675,1111,60.76
+11354,654,1073,60.95
+11354,599,988,60.63
+11354,556,915,60.77
+11354,517,843,61.33
+"11354",503,821,61.27
+11354,483,791,61.06
+11354,461,757,60.9
+11354,422,695,60.72
+11354,412,674,61.13
+11354,366,608,60.2
+11354,324,546,59.34
+11354,297,508,58.46
+11354,257,439,58.54
+11354,232,410,56.59
+"11354",205,368,55.71
+"11354",134,272
