+11214,1235,2569,48.07
+11214,1225,2507,48.86
+11214,1204,2384,50.5
+11214,1190,2311,51.49
+"11214",2514,1321,52.55
+"11214",1154,2208,52.26
+11214,1139,2131,53.45
+11214,1103,2048,53.86
+11214,1057,1932,54.71
+11214,1050,1922,54.63
+11214,1028,1873,54.89
+11214,1016,1825,55.67
+11214,990,1763,56.15
+11214,955,1683,56.74
+11214,907,1599,56.72
+11214,859,1499,57.3
+"11214",829,1437,57.69
+11214,788,1374,57.35
+11214,760,1330,57.14
+11214,693,1237,56.02
+11214,678,1206,56.22
+11214,616,1113,55.35
+11214,523,996,52.51
+11214,493,933,52.84
+11214,403,796,50.63
+11214,369,745,49.53
+"11214",347,691,50.22
+"11214",251,544
