+11421,Woodhaven,Queens,1188,2814.53,42209.49,94,222.7,30.78,3860
+11421,Woodhaven,Queens,1187,2812.16,42209.49,94,222.7,30.75
+11421,Woodhaven,Queens,1187,2812.16,42209.49,94,222.7,31.07
+11421,Woodhaven,Queens,1186,2809.79,42209.49,94,222.7,31.33
+11421,Woodhaven,Queens,1184,2805.06,42209.49,94,222.7,31.67
+11421,Woodhaven,Queens,1182,2800.32,42209.49,94,222.7,32.21
+11421,Woodhaven,Queens,1179,2793.21,42209.49,94,222.7,33.46
+11421,Woodhaven,Queens,1175,2783.73,42209.49,94,222.7,33.46
+11421,Woodhaven,Queens,1173,2779,42209.49,94,222.7,33.77
+11421,Southwest Queens,Queens,1171,2774.26,42209.49,94,222.7,33.9
+11421,Southwest Queens,Queens,1169,2769.52,42209.49,94,222.7,34.16
+11421,Southwest Queens,Queens,1164,2757.67,42209.49,93,220.33,35.3
+11421,Southwest Queens,Queens,1161,2750.57,42209.49,93,220.33,35.74
+11421,Southwest Queens,Queens,1160,2748.2,42209.49,93,220.33,36.57
+11421,Southwest Queens,Queens,1155,2736.35,42209.49,93,220.33,36.88
+11421,Southwest Queens,Queens,1155,2736.35,42209.49,93,220.33,37.19
+11421,Southwest Queens,Queens,1154,2733.98,42209.49,93,220.33,37.88
+11421,Southwest Queens,Queens,1153,2731.61,42209.49,93,220.33,38.59
+11421,Southwest Queens,Queens,1152,2729.24,42209.49,93,220.33,38.94
+11421,Southwest Queens,Queens,1144,2710.29,42209.49,92,217.96,38.94
+11421,Southwest Queens,Queens,1144,2710.29,42209.49,91,215.59,39.55
+11421,Southwest Queens,Queens,1140,2700.81,42209.49,91,215.59,39.85
+11421,Southwest Queens,Queens,1135,2688.97,42209.49,91,215.59,41.04
