+11206,1238,2657,46.59
+11206,1216,2542,47.84
+11206,1201,2464,48.74
+11206,1173,2376,49.37
+"11206",2593,1357,52.33
+"11206",1132,2213,51.15
+11206,1099,2085,52.71
+11206,1056,1936,54.55
+11206,1018,1804,56.43
+11206,1013,1792,56.53
+11206,991,1741,56.92
+11206,975,1704,57.22
+11206,947,1662,56.98
+11206,923,1610,57.33
+11206,885,1524,58.07
+11206,837,1438,58.21
+"11206",808,1391,58.09
+11206,777,1341,57.94
+11206,757,1312,57.7
+11206,718,1241,57.86
+11206,703,1208,58.2
+11206,648,1105,58.64
+11206,556,987,56.33
+11206,536,945,56.72
+11206,477,816,58.46
+11206,444,766,57.96
+"11206",411,716,57.4
+"11206",329,572
