+11106,531,1225,43.35
+11106,518,1191,43.49
+11106,513,1162,44.15
+11106,502,1123,44.7
+"11106",1246,567,45.51
+"11106",483,1065,45.35
+11106,473,1021,46.33
+11106,456,968,47.11
+11106,432,886,48.76
+11106,431,883,48.81
+11106,421,851,49.47
+11106,417,830,50.24
+11106,406,792,51.26
+11106,393,755,52.05
+11106,381,725,52.55
+11106,366,690,53.04
+"11106",360,674,53.41
+11106,350,643,54.43
+11106,342,629,54.37
+11106,319,595,53.61
+11106,312,578,53.98
+11106,293,541,54.16
+11106,248,479,51.77
+11106,234,457,51.2
+11106,206,399,51.63
+11106,194,382,50.79
+"11106",182,354,51.41
+"11106",144,290
