+11422,Rosedale,Queens,971,2879.46,33721.62,41,121.58,30.34,3200
+11422,Rosedale,Queens,969,2873.53,33721.62,41,121.58,30.28
+11422,Rosedale,Queens,969,2873.53,33721.62,41,121.58,30.48
+11422,Rosedale,Queens,968,2870.56,33721.62,41,121.58,30.75
+11422,Rosedale,Queens,965,2861.67,33721.62,41,121.58,31.01
+11422,Rosedale,Queens,964,2858.7,33721.62,41,121.58,31.35
+11422,Rosedale,Queens,963,2855.73,33721.62,41,121.58,32.18
+11422,Rosedale,Queens,961,2849.8,33721.62,41,121.58,32.18
+11422,Rosedale,Queens,961,2849.8,33721.62,41,121.58,32.48
+11422,Southeast Queens,Queens,962,2852.77,33721.62,41,121.58,32.92
+11422,Southeast Queens,Queens,961,2849.8,33721.62,41,121.58,33.2
+11422,Southeast Queens,Queens,955,2832.01,33721.62,41,121.58,34.16
+11422,Southeast Queens,Queens,953,2826.08,33721.62,41,121.58,34.79
+11422,Southeast Queens,Queens,947,2808.29,33721.62,41,121.58,35.38
+11422,Southeast Queens,Queens,942,2793.46,33721.62,41,121.58,35.92
+11422,Southeast Queens,Queens,941,2790.49,33721.62,41,121.58,36.47
+11422,Southeast Queens,Queens,939,2784.56,33721.62,41,121.58,37.2
+11422,Southeast Queens,Queens,936,2775.67,33721.62,41,121.58,38.39
+11422,Southeast Queens,Queens,934,2769.74,33721.62,41,121.58,39.03
+11422,Southeast Queens,Queens,930,2757.87,33721.62,41,121.58,39.03
+11422,Southeast Queens,Queens,927,2748.98,33721.62,40,118.62,39.5
+11422,Southeast Queens,Queens,927,2748.98,33721.62,40,118.62,40.03
+11422,Southeast Queens,Queens,927,2748.98,33721.62,38,112.69,40.88
