+11369,Airport/East Elmhurst,Queens,1610,4415.53,36462.23,162,444.3,34.56,4658
+11369,Airport/East Elmhurst,Queens,1607,4407.3,36462.23,162,444.3,34.46
+11369,Airport/East Elmhurst,Queens,1604,4399.07,36462.23,162,444.3,34.96
+11369,Airport/East Elmhurst,Queens,1600,4388.1,36462.23,162,444.3,35.42
+11369,Airport/East Elmhurst,Queens,1593,4368.9,36462.23,160,438.81,35.61
+11369,Airport/East Elmhurst,Queens,1589,4357.93,36462.23,160,438.81,36.01
+11369,Airport/East Elmhurst,Queens,1585,4346.96,36462.23,160,438.81,37.69
+11369,Airport/East Elmhurst,Queens,1580,4333.25,36462.23,160,438.81,37.69
+11369,Airport/East Elmhurst,Queens,1573,4314.05,36462.23,160,438.81,37.92
+11369,West Queens,Queens,1570,4305.83,36462.23,160,438.81,38.23
+11369,West Queens,Queens,1562,4283.89,36462.23,159,436.07,38.61
+11369,West Queens,Queens,1551,4253.72,36462.23,158,433.33,40.2
+11369,West Queens,Queens,1541,4226.29,36462.23,156,427.84,40.85
+11369,West Queens,Queens,1532,4201.61,36462.23,156,427.84,41.86
+11369,West Queens,Queens,1528,4190.64,36462.23,155,425.1,42.06
+11369,West Queens,Queens,1525,4182.41,36462.23,153,419.61,42.26
+11369,West Queens,Queens,1520,4168.7,36462.23,153,419.61,43.27
+11369,West Queens,Queens,1521,4171.44,36462.23,153,419.61,44.16
+11369,West Queens,Queens,1517,4160.47,36462.23,153,419.61,44.71
+11369,West Queens,Queens,1512,4146.76,36462.23,153,419.61,44.71
+11369,West Queens,Queens,1513,4149.5,36462.23,153,419.61,45.29
+11369,West Queens,Queens,1506,4130.3,36462.23,150,411.38,45.79
+11369,West Queens,Queens,1504,4124.82,36462.23,150,411.38,46.64
