+11414,698,1375,50.76
+11414,691,1338,51.64
+11414,691,1325,52.15
+11414,684,1307,52.33
+"11414",1463,811,55.43
+"11414",672,1253,53.63
+11414,661,1200,55.08
+11414,649,1150,56.43
+11414,628,1078,58.26
+11414,618,1068,57.87
+11414,595,1029,57.82
+11414,588,1004,58.57
+11414,583,977,59.67
+11414,569,938,60.66
+11414,552,907,60.86
+11414,537,878,61.16
+"11414",515,847,60.8
+11414,473,794,59.57
+11414,453,765,59.22
+11414,434,736,58.97
+11414,421,703,59.89
+11414,392,652,60.12
+11414,354,593,59.7
+11414,341,569,59.93
+11414,252,451,55.88
+11414,238,431,55.22
+"11414",220,401,54.86
+"11414",162,321
