+10019,506,1390,36.4
+10019,498,1350,36.89
+10019,495,1266,39.1
+10019,487,1222,39.85
+"10019",1388,575,41.43
+"10019",473,1159,40.81
+10019,468,1118,41.86
+10019,458,1081,42.37
+10019,450,1034,43.52
+10019,449,1032,43.51
+10019,443,1015,43.65
+10019,441,999,44.14
+10019,435,979,44.43
+10019,434,958,45.3
+10019,424,936,45.3
+10019,411,908,45.26
+"10019",350,787,44.47
+10019,339,763,44.43
+10019,334,753,44.36
+10019,314,716,43.85
+10019,310,702,44.16
+10019,298,674,44.21
+10019,275,636,43.24
+10019,264,616,42.86
+10019,244,560,43.57
+10019,237,542,43.73
+"10019",226,520,43.46
+"10019",187,451
