+11204,1621,3292,49.24
+11204,1608,3192,50.38
+11204,1604,3135,51.16
+11204,1575,3024,52.08
+"11204",3350,1852,55.28
+"11204",1520,2849,53.35
+11204,1497,2733,54.77
+11204,1445,2588,55.83
+11204,1370,2361,58.03
+11204,1358,2335,58.16
+11204,1338,2279,58.71
+11204,1325,2234,59.31
+11204,1295,2167,59.76
+11204,1277,2116,60.35
+11204,1240,2049,60.52
+11204,1185,1918,61.78
+"11204",1163,1880,61.86
+11204,1134,1830,61.97
+11204,1110,1791,61.98
+11204,1043,1699,61.39
+11204,1034,1673,61.81
+11204,994,1594,62.36
+11204,930,1505,61.79
+11204,908,1456,62.36
+11204,789,1298,60.79
+11204,746,1234,60.45
+"11204",712,1171,60.8
+"11204",534,932
