+10002,837,1849,45.27
+10002,832,1795,46.35
+10002,828,1746,47.42
+10002,808,1684,47.98
+"10002",1962,978,49.85
+"10002",780,1603,48.66
+10002,774,1561,49.58
+10002,756,1498,50.47
+10002,733,1427,51.37
+10002,729,1419,51.37
+10002,716,1384,51.73
+10002,712,1358,52.43
+10002,695,1325,52.45
+10002,685,1297,52.81
+10002,666,1250,53.28
+10002,645,1203,53.62
+"10002",578,1094,52.83
+10002,554,1045,53.01
+10002,539,1024,52.64
+10002,500,970,51.55
+10002,492,949,51.84
+10002,456,889,51.29
+10002,421,836,50.36
+10002,405,792,51.14
+10002,360,718,50.14
+10002,341,684,49.85
+"10002",317,651,48.69
+"10002",250,542
