+10280,35,149,23.49
+10280,35,143,24.48
+10280,35,136,25.74
+10280,35,133,26.32
+"10280",147,41,27.89
+"10280",35,128,27.34
+10280,35,123,28.46
+10280,33,116,28.45
+10280,33,111,29.73
+10280,33,108,30.56
+10280,32,104,30.77
+10280,32,103,31.07
+10280,32,100,32
+10280,32,96,33.33
+10280,32,92,34.78
+10280,31,88,35.23
+"10280",30,87,34.48
+10280,28,83,33.73
+10280,27,81,33.33
+10280,27,79,34.18
+10280,25,76,32.89
+10280,23,73,31.51
+10280,23,66,34.85
+10280,20,61,32.79
+10280,19,59,32.2
+"10280",19,58,32.76
+"10280",17,50
