+10456,2007,4076,49.24
+10456,1967,3935,49.99
+10456,1949,3730,52.25
+10456,1917,3618,52.99
+"10456",3851,2104,54.64
+"10456",1827,3394,53.83
+10456,1775,3189,55.66
+10456,1704,3032,56.2
+10456,1617,2778,58.21
+10456,1596,2738,58.29
+10456,1548,2645,58.53
+10456,1518,2557,59.37
+10456,1466,2457,59.67
+10456,1436,2387,60.16
+10456,1376,2252,61.1
+10456,1295,2097,61.75
+"10456",1250,2024,61.76
+10456,1175,1917,61.29
+10456,1130,1840,61.41
+10456,1057,1737,60.85
+10456,1038,1693,61.31
+10456,948,1541,61.52
+10456,802,1353,59.28
+10456,741,1253,59.14
+10456,619,1054,58.73
+10456,548,958,57.2
+"10456",500,886,56.43
+"10456",355,693
