+10033,1042,1992,52.31
+10033,1023,1928,53.06
+10033,1019,1871,54.46
+10033,1002,1811,55.33
+"10033",2019,1144,56.66
+"10033",942,1662,56.68
+10033,916,1568,58.42
+10033,865,1459,59.29
+10033,823,1361,60.47
+10033,817,1348,60.61
+10033,806,1312,61.43
+10033,801,1298,61.71
+10033,785,1265,62.06
+10033,766,1227,62.43
+10033,735,1177,62.45
+10033,700,1119,62.56
+"10033",671,1080,62.13
+10033,643,1040,61.83
+10033,626,1011,61.92
+10033,560,931,60.15
+10033,558,915,60.98
+10033,521,850,61.29
+10033,474,779,60.85
+10033,439,730,60.14
+10033,391,657,59.51
+10033,366,626,58.47
+"10033",342,593,57.67
+"10033",264,495
