+10065,280,958,29.23
+10065,279,946,29.49
+10065,277,928,29.85
+10065,273,901,30.3
+"10065",1055,328,31.09
+"10065",267,862,30.97
+10065,264,838,31.5
+10065,259,814,31.82
+10065,252,767,32.86
+10065,252,764,32.98
+10065,244,741,32.93
+10065,244,735,33.2
+10065,243,725,33.52
+10065,238,708,33.62
+10065,233,682,34.16
+10065,230,667,34.48
+"10065",224,654,34.25
+10065,218,639,34.12
+10065,216,627,34.45
+10065,207,601,34.44
+10065,207,593,34.91
+10065,197,571,34.5
+10065,187,544,34.38
+10065,182,520,35
+10065,171,492,34.76
+10065,166,487,34.09
+"10065",158,460,34.35
+"10065",121,385
