+10027,798,1803,44.26
+10027,783,1741,44.97
+10027,776,1683,46.11
+10027,759,1635,46.42
+"10027",1818,871,47.91
+"10027",728,1526,47.71
+10027,714,1449,49.28
+10027,690,1387,49.75
+10027,671,1296,51.77
+10027,667,1290,51.71
+10027,661,1266,52.21
+10027,654,1244,52.57
+10027,640,1215,52.67
+10027,633,1183,53.51
+10027,612,1142,53.59
+10027,599,1100,54.45
+"10027",496,949,52.27
+10027,487,929,52.42
+10027,476,910,52.31
+10027,427,839,50.89
+10027,419,817,51.29
+10027,389,751,51.8
+10027,346,696,49.71
+10027,327,657,49.77
+10027,267,565,47.26
+10027,250,540,46.3
+"10027",224,504,44.44
+"10027",170,422
