+10003,387,1114,34.74
+10003,382,1067,35.8
+10003,381,1037,36.74
+10003,378,1014,37.28
+"10003",1194,487,40.79
+"10003",368,977,37.67
+10003,367,941,39
+10003,363,908,39.98
+10003,358,864,41.44
+10003,355,857,41.42
+10003,351,840,41.79
+10003,347,830,41.81
+10003,342,812,42.12
+10003,337,794,42.44
+10003,329,777,42.34
+10003,323,759,42.56
+"10003",290,692,41.91
+10003,285,678,42.04
+10003,279,662,42.15
+10003,267,636,41.98
+10003,264,622,42.44
+10003,253,597,42.38
+10003,238,563,42.27
+10003,230,543,42.36
+10003,210,490,42.86
+10003,198,464,42.67
+"10003",191,438,43.61
+"10003",161,379
