+10039,417,949,43.94
+10039,409,917,44.6
+10039,407,884,46.04
+10039,397,851,46.65
+"10039",944,464,49.15
+"10039",383,789,48.54
+10039,373,745,50.07
+10039,354,697,50.79
+10039,341,653,52.22
+10039,339,650,52.15
+10039,333,634,52.52
+10039,328,615,53.33
+10039,323,603,53.57
+10039,319,583,54.72
+10039,310,561,55.26
+10039,298,537,55.49
+"10039",277,504,54.96
+10039,268,485,55.26
+10039,266,478,55.65
+10039,243,446,54.48
+10039,233,432,53.94
+10039,214,392,54.59
+10039,187,355,52.68
+10039,178,340,52.35
+10039,155,304,50.99
+10039,147,287,51.22
+"10039",141,271,52.03
+"10039",116,226
