+10460,1332,2705,49.24
+10460,1318,2636,50
+10460,1304,2540,51.34
+10460,1278,2460,51.95
+"10460",2648,1418,53.55
+"10460",1231,2343,52.54
+10460,1192,2227,53.52
+10460,1155,2120,54.48
+10460,1106,1948,56.78
+10460,1097,1933,56.75
+10460,1065,1843,57.79
+10460,1041,1788,58.22
+10460,1018,1743,58.41
+10460,989,1671,59.19
+10460,950,1594,59.6
+10460,875,1464,59.77
+"10460",847,1427,59.36
+10460,801,1344,59.6
+10460,771,1288,59.86
+10460,725,1215,59.67
+10460,711,1180,60.25
+10460,649,1086,59.76
+10460,500,905,55.25
+10460,467,831,56.2
+10460,397,697,56.96
+10460,371,661,56.13
+"10460",344,622,55.31
+"10460",255,484
