+10007,45,182,24.73
+10007,45,180,25
+10007,45,178,25.28
+10007,46,176,26.14
+"10007",186,50,26.88
+"10007",46,167,27.54
+10007,46,163,28.22
+10007,42,151,27.81
+10007,42,143,29.37
+10007,42,142,29.58
+10007,41,134,30.6
+10007,40,130,30.77
+10007,39,127,30.71
+10007,37,123,30.08
+10007,36,118,30.51
+10007,35,115,30.43
+"10007",35,112,31.25
+10007,34,109,31.19
+10007,34,107,31.78
+10007,32,103,31.07
+10007,32,102,31.37
+10007,31,95,32.63
+10007,30,90,33.33
+10007,30,86,34.88
+10007,29,81,35.8
+10007,29,78,37.18
+"10007",28,75,37.33
+"10007",26,67
