+11417,738,1426,51.75
+11417,717,1376,52.11
+11417,702,1335,52.58
+11417,693,1297,53.43
+"11417",1414,802,56.72
+"11417",677,1230,55.04
+11417,653,1162,56.2
+11417,611,1081,56.52
+11417,589,1014,58.09
+11417,573,996,57.53
+11417,545,956,57.01
+11417,535,925,57.84
+11417,524,891,58.81
+11417,508,845,60.12
+11417,490,807,60.72
+11417,469,767,61.15
+"11417",462,751,61.52
+11417,439,710,61.83
+11417,421,683,61.64
+11417,393,646,60.84
+11417,383,623,61.48
+11417,370,588,62.93
+11417,323,522,61.88
+11417,315,502,62.75
+11417,254,418,60.77
+11417,241,402,59.95
+"11417",230,381,60.37
+"11417",173,291
