+10017,124,431,28.77
+10017,125,420,29.76
+10017,123,407,30.22
+10017,125,396,31.57
+"10017",454,155,34.14
+"10017",121,383,31.59
+10017,118,367,32.15
+10017,113,352,32.1
+10017,111,330,33.64
+10017,109,327,33.33
+10017,108,316,34.18
+10017,107,310,34.52
+10017,105,306,34.31
+10017,105,301,34.88
+10017,100,287,34.84
+10017,98,280,35
+"10017",95,273,34.8
+10017,92,268,34.33
+10017,90,260,34.62
+10017,83,244,34.02
+10017,83,241,34.44
+10017,80,233,34.33
+10017,74,217,34.1
+10017,74,212,34.91
+10017,65,187,34.76
+10017,63,183,34.43
+"10017",59,173,34.1
+"10017",45,138
