+10452,1884,3714,50.73
+10452,1852,3611,51.29
+10452,1840,3466,53.09
+10452,1798,3338,53.86
+"10452",3530,1972,55.86
+"10452",1705,3076,55.43
+10452,1647,2871,57.37
+10452,1575,2704,58.25
+10452,1499,2470,60.69
+10452,1488,2440,60.98
+10452,1443,2323,62.12
+10452,1412,2244,62.92
+10452,1378,2185,63.07
+10452,1331,2078,64.05
+10452,1268,1970,64.37
+10452,1195,1826,65.44
+"10452",1156,1770,65.31
+10452,1106,1696,65.21
+10452,1068,1640,65.12
+10452,986,1534,64.28
+10452,973,1491,65.26
+10452,869,1345,64.61
+10452,735,1179,62.34
+10452,698,1107,63.05
+10452,584,942,62
+10452,542,877,61.8
+"10452",509,824,61.77
+"10452",367,629
