+10459,1230,2378,51.72
+10459,1206,2296,52.53
+10459,1197,2213,54.09
+10459,1176,2163,54.37
+"10459",2359,1332,56.46
+"10459",1135,2050,55.37
+10459,1083,1935,55.97
+10459,1038,1831,56.69
+10459,1002,1719,58.29
+10459,996,1701,58.55
+10459,979,1647,59.44
+10459,956,1586,60.28
+10459,934,1544,60.49
+10459,906,1479,61.26
+10459,869,1408,61.72
+10459,824,1326,62.14
+"10459",808,1296,62.35
+10459,762,1234,61.75
+10459,746,1201,62.11
+10459,693,1130,61.33
+10459,677,1099,61.6
+10459,604,989,61.07
+10459,482,839,57.45
+10459,440,764,57.59
+10459,363,618,58.74
+10459,340,574,59.23
+"10459",309,534,57.87
+"10459",227,423
