+11420,1131,2223,50.88
+11420,1120,2170,51.61
+11420,1110,2130,52.11
+11420,1093,2062,53.01
+"11420",2259,1237,54.76
+"11420",1057,1965,53.79
+11420,1026,1876,54.69
+11420,996,1762,56.53
+11420,943,1604,58.79
+11420,914,1568,58.29
+11420,872,1487,58.64
+11420,863,1447,59.64
+11420,839,1399,59.97
+11420,811,1311,61.86
+11420,789,1256,62.82
+11420,759,1193,63.62
+"11420",745,1168,63.78
+11420,700,1106,63.29
+11420,675,1064,63.44
+11420,623,981,63.51
+11420,603,939,64.22
+11420,555,879,63.14
+11420,506,816,62.01
+11420,473,769,61.51
+11420,398,656,60.67
+11420,365,607,60.13
+"11420",339,565,60
+"11420",223,390
