+11373,2668,4612,57.85
+11373,2622,4463,58.75
+11373,2606,4363,59.73
+11373,2559,4215,60.71
+"11373",4559,2844,62.38
+"11373",2474,4013,61.65
+11373,2440,3837,63.59
+11373,2358,3654,64.53
+11373,2282,3450,66.14
+11373,2269,3426,66.23
+11373,2226,3347,66.51
+11373,2196,3259,67.38
+11373,2155,3169,68
+11373,2104,3032,69.39
+11373,2031,2882,70.47
+11373,1978,2774,71.3
+"11373",1939,2720,71.29
+11373,1893,2647,71.51
+11373,1859,2600,71.5
+11373,1779,2490,71.45
+11373,1737,2399,72.41
+11373,1602,2173,73.72
+11373,1190,1732,68.71
+11373,1142,1663,68.67
+11373,983,1425,68.98
+11373,903,1322,68.31
+"11373",841,1229,68.43
+"11373",831,1148
