+11365,698,1543,45.24
+11365,683,1485,45.99
+11365,681,1443,47.19
+11365,669,1403,47.68
+"11365",1559,781,50.1
+"11365",653,1338,48.8
+11365,643,1292,49.77
+11365,610,1210,50.41
+11365,589,1126,52.31
+11365,585,1118,52.33
+11365,569,1070,53.18
+11365,562,1043,53.88
+11365,544,1015,53.6
+11365,526,965,54.51
+11365,508,923,55.04
+11365,492,887,55.47
+"11365",475,858,55.36
+11365,457,828,55.19
+11365,440,791,55.63
+11365,411,736,55.84
+11365,401,710,56.48
+11365,358,632,56.65
+11365,326,588,55.44
+11365,313,557,56.19
+11365,268,490,54.69
+11365,248,454,54.63
+"11365",229,418,54.78
+"11365",166,312
