+10471,503,1248,40.3
+10471,496,1217,40.76
+10471,490,1192,41.11
+10471,478,1156,41.35
+"10471",1250,540,43.2
+"10471",466,1108,42.06
+10471,456,1070,42.62
+10471,440,1034,42.55
+10471,415,950,43.68
+10471,414,949,43.62
+10471,393,906,43.38
+10471,388,881,44.04
+10471,382,856,44.63
+10471,364,827,44.01
+10471,351,790,44.43
+10471,326,735,44.35
+"10471",319,716,44.55
+10471,310,692,44.8
+10471,302,669,45.14
+10471,283,636,44.5
+10471,278,622,44.69
+10471,245,553,44.3
+10471,201,482,41.7
+10471,183,440,41.59
+10471,149,375,39.73
+10471,136,356,38.2
+"10471",130,343,37.9
+"10471",104,297
