+11232,Sunset Park,Brooklyn,530,1874.71,28271.09,40,141.49,26.57,1995
+11232,Sunset Park,Brooklyn,529,1871.17,28271.09,40,141.49,26.47
+11232,Sunset Park,Brooklyn,529,1871.17,28271.09,40,141.49,27
+11232,Sunset Park,Brooklyn,528,1867.63,28271.09,40,141.49,27.88
+11232,Sunset Park,Brooklyn,523,1849.95,28271.09,40,141.49,28.36
+11232,Sunset Park,Brooklyn,521,1842.87,28271.09,40,141.49,29
+11232,Sunset Park,Brooklyn,521,1842.87,28271.09,40,141.49,30.78
+11232,Sunset Park,Brooklyn,519,1835.8,28271.09,40,141.49,30.78
+11232,Sunset Park,Brooklyn,518,1832.26,28271.09,40,141.49,30.92
+11232,Sunset Park,Brooklyn,519,1835.8,28271.09,40,141.49,31.16
+11232,Sunset Park,Brooklyn,518,1832.26,28271.09,40,141.49,31.58
+11232,Sunset Park,Brooklyn,515,1821.65,28271.09,40,141.49,33.29
+11232,Sunset Park,Brooklyn,514,1818.11,28271.09,39,137.95,33.64
+11232,Sunset Park,Brooklyn,511,1807.5,28271.09,39,137.95,35.01
+11232,Sunset Park,Brooklyn,508,1796.89,28271.09,39,137.95,35.68
+11232,Sunset Park,Brooklyn,507,1793.35,28271.09,39,137.95,35.89
+11232,Sunset Park,Brooklyn,504,1782.74,28271.09,39,137.95,36.29
+11232,Sunset Park,Brooklyn,501,1772.13,28271.09,39,137.95,37.12
+11232,Sunset Park,Brooklyn,497,1757.98,28271.09,38,134.41,37.89
+11232,Sunset Park,Brooklyn,495,1750.91,28271.09,38,134.41,37.89
+11232,Sunset Park,Brooklyn,493,1743.83,28271.09,37,130.88,38.9
+11232,Sunset Park,Brooklyn,491,1736.76,28271.09,37,130.88,38.86
+11232,Sunset Park,Brooklyn,490,1733.22,28271.09,37,130.88,40.66
