+11433,783,1530,51.18
+11433,771,1487,51.85
+11433,765,1454,52.61
+11433,752,1412,53.26
+"11433",1550,852,54.97
+"11433",722,1322,54.61
+11433,702,1256,55.89
+11433,679,1181,57.49
+11433,654,1111,58.87
+11433,643,1091,58.94
+11433,629,1048,60.02
+11433,612,1004,60.96
+11433,593,956,62.03
+11433,577,901,64.04
+11433,550,850,64.71
+11433,529,803,65.88
+"11433",515,776,66.37
+11433,493,750,65.73
+11433,477,727,65.61
+11433,432,666,64.86
+11433,423,645,65.58
+11433,394,592,66.55
+11433,323,505,63.96
+11433,308,481,64.03
+11433,262,408,64.22
+11433,239,370,64.59
+"11433",226,344,65.7
+"11433",155,250
